M 0 0 L 594 0 L 594 300 L 0 300 L 0 0 M 476.95 34.09 C 473.24 34.24 469.65 35.28
    466.03 36.02 C 463.07 36.73 461.44 39.55 459.84 41.88 C 457.17 45.58 454.94
    49.84 450.77 52.08 C 447.28 55.23 443.69 58.25 439.92 61.07 C 434.7 66.71 431.74
    73.94 428.67 80.89 C 423.16 78.85 418.04 75.36 412.02 75.1 C 399.38 74.45 385.98
    73 374.19 78.7 C 374.7 80.02 374.53 82.12 376.36 82.32 C 387.75 86.13 399.11
    91.3 407.78 99.81 C 405.19 99.95 402.25 99.35 400.02 101.03 C 397.1 103.06
    395.87 106.61 393.46 109.08 C 388.76 111.17 383.7 112.34 378.97 114.38 C 374.4
    111.38 369.78 108.16 364.35 106.94 C 362.02 106.98 359.73 107.62 357.42 107.84 C
    358.6 106.32 359.67 104.66 361.15 103.38 C 362.96 101.59 365.75 102.25 368.02
    101.63 C 368.76 100.45 369.26 99.14 369.83 97.88 C 366.49 96.85 363.35 95.33
    360.24 93.79 C 356.39 91.87 352.09 91.23 347.97 90.16 C 341.32 89.52 334.62
    88.46 327.94 89.34 C 320.16 90.36 312.36 91.85 305.13 94.99 C 305.23 95.71
    305.44 97.15 305.54 97.87 C 303.57 91.7 302.24 85.25 299.18 79.5 C 296.63 76.19
    294.24 72.37 290.25 70.65 C 285 68.23 280.06 64.78 274.23 63.92 C 279.72 67.82
    286.35 69.66 291.94 73.42 C 294.34 76.56 297.43 79.27 298.92 83.02 C 301.16
    88.32 302.21 94.05 303 99.72 C 303.4 99.67 304.21 99.58 304.61 99.54 C 304.6
    100.03 304.59 101.01 304.58 101.5 C 299.33 101.15 294.06 101.3 288.8 101.48 C
    286.73 92.9 281.79 85.51 277.16 78.14 C 274.87 75.05 272.02 72.44 269.69 69.39 C
    267.51 67.33 265.2 64.56 261.92 64.7 C 258.63 64.63 255.81 67.42 255.65 70.68 C
    258.85 73.41 261.87 76.34 265.09 79.04 C 268.42 83.84 271.04 89.05 274.07 94.03
    C 276.09 97.55 276.85 101.6 278.37 105.33 C 275.29 107.21 271.76 108.58 269.43
    111.45 C 264.88 117.17 262.93 124.4 262.03 131.54 C 258.77 131.49 255.52 131.23
    252.3 130.81 C 252.1 126.6 251.77 122.35 250.86 118.23 C 248.29 112.37 244.75
    107 241.35 101.6 C 235.14 94.2 228.55 87.07 221.08 80.91 C 214.92 75.4 207.47
    70.27 198.84 70.45 C 197.41 69.46 195.78 68.69 194.58 67.41 C 193.09 63.93
    192.52 59.98 190.17 56.9 C 187.9 53.84 185.04 51.3 182.45 48.53 C 180.28 45.88
    176.39 46.54 173.74 44.61 C 169.06 44.66 164.59 46.11 160.07 47.1 C 159.56 47.91
    159.06 48.71 158.56 49.52 C 154.26 51.04 151.81 55.19 147.9 57.32 C 147.44 57.13
    146.53 56.77 146.08 56.58 C 146.3 57.04 146.75 57.95 146.98 58.41 C 145.27 58.67
    143.57 58.91 141.87 59.2 C 142.87 59.25 144.88 59.33 145.88 59.37 C 142.71 66.23
    140.45 73.49 139.26 80.95 C 138.84 82.71 139.09 84.5 139.32 86.27 C 137.35 88.39
    135.53 90.65 133.99 93.12 C 131.53 97.48 130.03 102.35 129.98 107.38 C 128.33
    107.35 126.53 107.77 125.02 106.88 C 119.88 104.31 114.38 102.62 109.14 100.28 C
    104.27 98.13 98.87 97.89 93.64 97.48 C 93.33 98.92 92.97 100.35 92.4 101.71 C
    92.44 100.04 92.52 98.38 92.63 96.71 C 87.52 96.78 80.28 94.63 77.3 100.24 C
    75.95 100.93 74.65 101.69 73.4 102.53 C 76.07 102.54 78.73 102.31 81.39 102.05 C
    80.85 100.98 80.32 99.9 79.8 98.83 C 81.68 98.34 83.59 98.33 85.31 99.32 C 84.4
    99.53 82.6 99.94 81.7 100.15 C 81.71 104.09 79.97 107.75 79.76 111.68 C 77.01
    110.63 74.26 109.57 71.45 108.67 C 71.55 105.9 72.29 103.18 74.23 101.1 C 69.54
    101.57 64.95 102.75 60.21 102.82 C 58.76 103.99 57.64 105.51 56.41 106.89 C 56.6
    107.71 56.98 109.35 57.17 110.17 C 55.13 110.71 52.83 110.84 51.13 112.2 C 50.18
    113.62 50.46 115.48 50.15 117.1 C 49.54 117.39 48.33 117.96 47.72 118.25 C 47.64
    120.16 46.93 122.77 49 123.95 C 54.76 127.91 61.39 130.35 67.88 132.83 C 71.04
    133.93 72.48 137.16 74.57 139.49 C 76.56 142.34 80.14 143.15 83.15 144.47 C
    83.28 144.99 83.55 146.02 83.69 146.53 C 88.78 149.14 94.54 149.62 100.07 150.67
    C 105.37 151.62 110.62 152.84 115.89 153.94 C 118.8 152.27 121.72 154.53 124.55
    155.22 C 127.59 156.15 131.45 156.91 132.59 160.36 C 134.02 164.48 135.05 168.74
    136.01 172.99 C 140.73 176.14 146.18 179.04 152.02 178.66 C 157.12 178.51 162.1
    177.26 167.12 176.47 C 170.77 175.86 173.78 173.55 176.83 171.62 C 182.34 171.71
    187.65 170.07 193.1 169.56 C 193.12 168.95 193.17 167.73 193.19 167.12 C 188.69
    168.5 183.92 169.39 179.24 168.46 C 177.76 168.57 177.27 167.05 176.51 166.1 C
    177.33 166.67 178.98 167.81 179.8 168.37 C 179.23 164.84 178.34 161.37 177.68
    157.85 C 180.21 161.5 184.04 163.76 187.65 166.18 C 184.64 166.51 181.84 165.45
    179.15 164.27 C 179.75 165.62 179.73 168.24 181.82 168.22 C 186.7 168.29 191.36
    166.65 195.83 164.85 C 195.85 165.3 195.87 166.22 195.89 166.68 L 193.11 166.92
    C 194.64 168.49 196.53 168.45 198.4 167.44 C 200.45 171.62 202.2 175.93 203.88
    180.26 C 206.59 185.01 210.56 188.87 214.34 192.75 C 217.73 196.21 220.78 199.98
    224.21 203.4 C 226.87 203.83 229.52 204.36 232.19 204.78 C 235.85 206.61 240.18
    206.97 243.45 209.58 C 245.18 210.86 247.03 211.97 248.98 212.91 C 250.62 215.3
    252.2 217.74 253.42 220.39 C 255.23 224.71 259.12 227.57 262.58 230.52 C 265.88
    232.71 269.79 233.78 273.58 234.81 C 270.29 232.51 266.16 231.7 263.07 229.07 C
    259.29 225.73 255.46 222.04 253.84 217.13 C 250.54 209.18 249.23 200.51 249.83
    191.93 C 250.68 183.59 251.71 175.12 255.49 167.52 C 266.94 159.94 280.39 155.83
    293.86 153.7 C 304.69 152.04 315.45 154.9 326.04 156.81 C 321.38 162.1 317.69
    168.15 314.92 174.63 C 314.62 175.74 314.63 176.91 314.5 178.05 C 307.5 179.34
    301.71 183.47 295.48 186.59 C 291.69 201.79 294.21 218.06 300.74 232.16 C 307.88
    233.59 315.18 234.16 322.25 235.89 C 320.11 236.58 317.93 237.17 315.74 237.67 C
    316.34 238.2 316.94 238.73 317.54 239.28 C 319.48 240.51 321.06 242.19 322.42
    244.02 C 320.62 242.9 318.88 241.69 317.2 240.4 C 316.23 240.08 314.28 239.43
    313.31 239.11 L 313.76 240.73 C 318.72 245.23 325.38 247.46 330.21 252.2 C 329.8
    252.66 328.96 253.57 328.54 254.03 C 329.11 255.19 329.68 256.36 330.26 257.52 C
    327.9 257.49 325.54 257.44 323.17 257.44 C 316.15 252.53 308.61 248.04 303.04
    241.39 C 304.55 240.91 306.04 240.4 307.53 239.86 C 298.96 240.22 290.76 237.34
    282.21 237.3 C 284.97 241.61 290.58 240.25 294.84 241.49 C 296.64 243.81 298.37
    246.17 300.09 248.55 C 300.59 248.48 301.58 248.34 302.07 248.27 C 307.81 252.47
    312.55 258 318.91 261.35 C 324.16 264.12 329.47 267.44 335.6 267.58 C 332.13
    264.44 327.19 264.1 323.37 261.55 C 317.24 257.69 311.58 253.09 306.27 248.16 C
    308.58 249.79 310.93 251.36 313.31 252.88 C 316.74 255.36 320.14 258.06 324.14
    259.57 C 327.41 260.06 330.73 259.53 334.01 259.37 C 333.77 258.08 333.54 256.81
    333.33 255.53 C 332.85 255.48 331.9 255.4 331.43 255.35 C 332.81 253.54 335.02
    252.94 337.03 252.12 C 336.97 251.89 336.86 251.43 336.8 251.2 C 336.31 250.91
    335.32 250.32 334.83 250.02 C 334.68 244.39 335.57 238.82 336.29 233.26 C 344.17
    231.62 352.31 232.23 360.28 232.74 C 361.25 231.77 362.22 230.8 363.21 229.84 C
    364.04 230.29 364.88 230.74 365.72 231.2 C 369.62 229.54 373.68 228.26 377.45
    226.29 C 377.61 227.81 377.77 229.33 377.94 230.86 C 377.56 230.94 376.79 231.11
    376.41 231.2 C 371.82 233.37 366.68 232.5 361.86 231.9 C 360.51 232.97 359.83
    234.63 358.85 236 C 355.24 242.09 348.67 245.68 345.31 251.96 C 343.21 251.79
    340.77 250.59 338.88 251.17 C 338.95 251.48 339.08 252.1 339.15 252.4 C 345.22
    255.38 352.34 255.13 358.63 257.6 C 358.76 258.43 357.44 261.43 359.39 261.19 C
    361.93 261.31 364.47 261.43 367.01 261.59 C 364.7 261.22 362.15 261.33 360.21
    259.82 C 358.46 258.54 359.71 256.7 360.73 255.39 C 363.91 254.92 367.02 256.02
    370.08 256.73 C 370.12 257.58 370.18 259.29 370.21 260.15 C 373.47 260.6 376.71
    261.19 379.86 262.17 C 385.08 263.78 390.78 264.09 395.48 267.14 C 391.61 267.93
    387.58 267.42 383.78 268.66 C 378.69 270.44 373.27 269.29 368.01 269.48 C 362.4
    269.76 356.91 267.94 351.3 268.7 C 354.4 271.86 359.01 271.24 363.01 271.47 C
    370.97 271.84 378.94 272.38 386.91 272.33 C 393.18 270.3 399.64 269.01 406.07
    267.56 C 419.36 269.63 432.82 268.21 446.09 266.7 C 455.19 265.45 463.07 260.31
    471.11 256.24 C 477.2 253.27 481.44 247.82 486.64 243.65 C 490.62 240.37 494.43
    236.78 497.41 232.55 C 499.7 228.82 501.48 224.78 503.03 220.7 C 502.54 219.99
    501.58 218.57 501.1 217.86 C 500.17 223.17 495.45 226.23 491.93 229.77 C 490.47
    226.91 489.49 223.84 488.41 220.83 C 490.69 221.34 492.96 221.93 495.11 222.87 C
    494.3 224.57 491.8 225.8 492.19 227.83 C 495.82 225.99 498.94 222.12 500.46
    218.22 C 498.7 218.87 497.39 221.25 495.29 220.67 C 491.26 220 486.91 219.15
    484.2 215.79 C 486.83 212.5 489.99 209.69 492.43 206.25 C 493.9 206.39 495.39
    206.71 496.88 206.54 C 504.15 204.79 511.58 203.07 517.88 198.85 C 522.31 195.17
    525.68 190.32 530.69 187.3 C 530.12 186.69 529.54 186.08 528.97 185.48 C 527.93
    186.78 526.83 188.03 525.67 189.23 C 525.54 185.99 528.17 184.32 530.56 182.87 C
    530.71 183.68 530.99 185.3 531.14 186.11 C 535.53 181.38 539.25 175.96 541.69
    169.96 C 542.35 166.85 542.89 163.49 545.19 161.1 C 546.03 160.28 544.9 159.26
    544.73 158.42 C 545.2 153.03 546.15 147.47 544.47 142.19 C 543.73 142.86 543.02
    143.54 542.32 144.25 C 543.36 148.64 544.09 153.28 542.8 157.71 C 541.24 167.05
    537.69 176.49 530.75 183.17 C 531.12 180.57 532.64 178.45 534.18 176.42 C 534.72
    174.72 535.3 173.04 535.88 171.36 C 536.84 169.35 537.68 167.22 537.56 164.95 C
    537.49 158.92 536.73 152.83 534.87 147.07 C 532.92 143.28 529.49 140.39 525.68
    138.58 C 521.71 137.19 517.47 136.73 513.46 135.47 C 510.64 132.43 508.46 128.67
    504.82 126.47 C 501.5 124.48 497.99 122.59 494.11 122.03 C 489.94 121.1 484.83
    121.45 482.4 117.23 C 487.24 115.64 491.58 111.67 496.94 112.51 C 506.22 113.13
    515.65 113 524.7 115.42 C 528.87 116.7 532.55 119.59 534.55 123.5 C 537.64
    129.33 541.24 135.22 541.76 141.96 C 542.24 142.06 543.22 142.25 543.7 142.34 C
    543.25 136.26 540.34 130.74 537.54 125.44 C 535.42 122.07 533.6 118.12 529.96
    116.14 C 526.7 114.02 522.91 112.97 519.1 112.43 C 516.32 109.02 513.85 105.33
    510.57 102.36 C 509.39 101.15 507.88 99.98 507.67 98.19 C 506.73 92.03 504.38
    86.18 501.13 80.9 C 500.07 79.05 498.56 77.22 498.79 74.94 C 498.94 69.4 498.35
    63.85 497.29 58.41 C 495.07 52.86 498.29 46.66 495.33 41.25 C 491.47 40.28
    490.22 33.1 485.56 36.46 C 484.34 35.08 483.3 33.39 481.59 32.58 C 479.91 32.35
    478.45 33.54 476.95 34.09 M 214.09 36.75 C 213.82 38.07 213.6 39.4 213.19 40.68
    C 209.37 42.85 204.88 43.78 201.45 46.65 C 197.97 49.27 195.85 53.15 193.55
    56.75 C 194.46 60.07 195.74 63.4 198.8 65.31 C 197.73 62.27 196.54 59.26 195.88
    56.08 C 197.98 52.86 200.08 49.46 203.33 47.27 C 206.76 44.97 210.74 43.7 214.47
    41.99 C 215.24 40.59 215.88 39.1 216.89 37.84 C 221.29 35.76 226.39 34.97 231.08
    36.55 C 232.36 41.01 236.27 43.86 238 48.06 C 239.69 51.78 241.78 55.35 242.94
    59.29 C 242.3 59.6 241.02 60.2 240.38 60.5 C 237.57 59.96 238.71 55.53 236.34
    55.22 C 236.9 56.63 237.72 57.93 238.4 59.29 C 238.28 59.87 238.03 61.02 237.91
    61.6 C 234.28 63.49 230.6 66 228.94 69.89 C 227.29 73.67 226.44 77.79 226.38
    81.91 C 226.14 83.16 227.44 83.58 228.17 84.27 C 228.39 78.71 228.43 72.61
    232.11 68.06 C 235.52 64.37 240.55 62.97 245.1 61.24 C 255.2 58.26 265.26 62.53
    275.19 63.99 C 271.46 62.15 267.42 61.1 263.49 59.77 C 257.38 57.65 250.83 58.96
    244.52 58.68 C 244.15 57.14 243.8 55.6 243.5 54.05 C 241.85 50.11 239.78 46.34
    236.88 43.17 C 234.48 40.59 233.43 36.87 230.54 34.78 C 224.99 33.57 219.38
    35.16 214.09 36.75 M 108.48 190.35 C 107.14 192.62 111.54 193.03 111.6 190.8 C
    111.52 189.24 109.18 189.24 108.48 190.35 Z
    M 477.56 36.77 C 479.29 35.62 480.93 33.67 483.23 34.68 C 483.21 35.64 483.18
    37.56 483.16 38.52 C 482.24 38.54 480.4 38.59 479.48 38.62 C 483.76 43.99 491.11
    46.9 493.29 53.82 C 495.81 60.58 497.11 67.9 496.17 75.11 C 490.01 69.8 483.33
    64.92 475.82 61.72 C 471.24 59.85 467.36 56.73 462.95 54.55 C 467.22 50.4 468.42
    43.25 474.45 41.02 C 474.08 39.69 473.13 38.82 471.89 38.3 C 469.56 41.56 466.82
    44.51 464.67 47.9 C 463.21 50.19 461.71 52.54 459.45 54.12 C 463.47 57.28 468.11
    59.58 471.98 62.96 C 474.36 65.04 476.59 67.29 478.9 69.44 C 469.56 69.03 460.19
    68.99 450.85 69.35 C 449.9 68.19 448.96 67.03 448.03 65.87 C 448.12 65.63 448.31
    65.15 448.4 64.91 C 446.78 63.48 445.22 62.01 443.68 60.51 C 448.24 57.45 453.53
    54.93 459.18 55.43 C 459.13 54.91 459.03 53.86 458.99 53.34 C 456.21 53.08
    453.47 53.63 450.83 54.43 C 457.61 51.32 460 43.73 465.05 38.79 C 467.53 36.17
    471.27 38.31 474.22 38.64 C 474.19 37.92 474.12 36.49 474.08 35.77 C 474.23
    39.38 477.62 40.27 480.67 39.96 C 479.89 39.16 478.34 37.57 477.56 36.77 Z
    M 484.29 40.65 C 486.05 39.3 487.84 37.97 489.67 36.7 C 489.8 39.38 489.35 42.02
    488.67 44.6 C 487.17 43.32 485.72 41.99 484.29 40.65 Z
    M 491.21 42.13 C 492.37 42.31 493.53 42.5 494.7 42.69 C 494.79 45.55 494.78
    48.41 494.69 51.26 C 492.3 48.77 490.28 45.76 491.21 42.13 Z
    M 161.67 48.74 C 165.19 48.06 168.66 46.89 172.27 46.86 C 174.67 47.31 177.01
    48.07 179.31 48.85 C 181.77 50.57 183.81 52.83 185.79 55.06 C 187.78 58.15
    189.09 61.64 191.16 64.7 C 187.54 69.1 184.97 74.24 181.92 79.03 C 177.76 88.04
    174.87 97.77 174.13 107.7 C 160.26 105.83 146.28 107.07 132.36 107.42 C 131.75
    99.05 137.17 92.23 141.65 85.8 C 142.59 79.71 145.52 74.04 145.52 67.8 C 147.14
    65.62 148.67 63.37 149.96 60.98 C 153.28 59.44 155.87 56.83 157.56 53.6 C 159.09
    52.11 160.45 50.48 161.67 48.74 Z
    M 431.04 83.19 C 433.07 75.09 437.06 67.54 442.56 61.26 C 444.65 63.78 447.88
    65.94 448.08 69.52 C 447.3 69.52 445.74 69.54 444.96 69.55 C 444.91 70.07 444.81
    71.1 444.76 71.62 C 445.87 71.44 448.08 71.1 449.19 70.93 L 447.34 71.89 C 448
    72.44 448.67 73 449.35 73.54 C 449.92 73.02 451.05 71.99 451.62 71.47 C 459.98
    71.35 468.36 69.96 476.71 70.86 C 476.71 71.07 476.69 71.5 476.68 71.72 C 475.01
    72.54 473.06 73.33 474.45 75.63 C 475.29 75.03 476.12 74.42 476.95 73.8 C 477.98
    75.88 478.83 78.07 479.05 80.4 C 478.44 79.01 477.92 77.58 477.44 76.14 C 476.96
    76.02 476 75.76 475.52 75.63 C 476.8 78.97 477.58 82.46 478.76 85.82 C 472.94
    85.07 467.03 85.05 461.22 85.83 C 463.46 81.36 458.8 77.64 456.56 74.19 C 455.04
    74.5 453.53 74.82 452.03 75.21 C 456.57 77.23 458.34 81.8 459.87 86.16 C 454.51
    86.62 451.11 90.78 447.66 94.38 C 444.28 89.79 445.73 84 446.4 78.83 C 445.03
    78.69 443.69 78.54 442.34 78.4 C 441.3 81.81 440.83 85.34 440.27 88.84 C 438.81
    87.6 437.37 86.34 435.94 85.09 C 438.53 80.66 441.57 75.44 447 74.29 C 447.05
    73.75 447.15 72.68 447.2 72.14 C 440.17 74.49 435.54 80.63 432.66 87.16 C 431.71
    86.2 430.77 85.24 429.83 84.29 C 430.67 84.64 432.36 85.34 433.21 85.69 C 433.21
    84.61 433.22 83.52 433.24 82.44 L 434.09 82.93 C 436.17 78.25 439.34 73.47
    444.57 72.01 C 443.95 71.46 443.33 70.91 442.72 70.37 C 437.13 72.86 433.75
    77.96 431.04 83.19 Z
    M 474.68 62.83 C 477.94 64.29 481.17 65.85 484.15 67.84 C 490.3 72.23 496.84
    76.58 500.76 83.24 C 495.74 82.3 492.05 78.83 488.46 75.5 C 483.31 71.92 478.88
    67.46 474.68 62.83 Z
    M 259.4 70.08 C 260.87 69.92 262.69 68.67 263.9 70.15 C 273.96 78.45 281.03
    90.14 284.16 102.78 C 284.74 105.65 288.02 106.37 289.54 108.63 C 291.56 112.06
    295.95 110.56 299.21 110.8 C 300.11 110.09 301.01 109.4 301.94 108.72 C 301.36
    109.55 300.78 110.38 300.2 111.21 C 298.7 115.91 296.4 120.32 295.15 125.1 C
    289.88 127.03 284.17 127.69 279.21 130.47 C 277.68 125.35 274.62 120.96 271.07
    117.05 C 274.15 112.78 279.3 110.52 282.21 106.18 C 278.69 100.75 278.36 93.91
    274.17 88.88 C 270.16 81.93 264.27 76.39 259.4 70.08 Z
    M 188.02 74.97 C 188.96 72.41 191.54 71.37 193.81 70.28 C 198.43 71.67 203.17
    72.62 207.78 74 C 214.96 77.47 220.88 82.99 226.7 88.33 C 231.04 92.15 234.77
    96.6 238.45 101.04 C 239.72 105.47 243.61 108.4 245.38 112.6 C 248.15 117.16
    249.52 122.34 250.06 127.62 C 247.04 127.5 244.01 127.69 241.09 128.5 C 237.86
    129.38 234.53 128.59 231.28 128.34 C 230.17 119 227.78 109.89 224.6 101.06 C
    223.71 96.67 221.01 93.05 218.35 89.57 C 217.44 88.53 216.52 87.29 215.12 86.92
    C 213.17 87.22 211.29 87.79 209.41 88.33 C 210.84 90.36 212.46 92.33 213.31 94.7
    C 215.24 102.75 218.91 110.48 218.44 118.96 C 215.42 117.68 212.37 116.32 209.11
    115.76 C 203.77 115.1 198.29 115.42 193.02 114.12 C 190.25 113.17 187.67 111.72
    184.88 110.8 C 183.79 107.27 183.43 103.6 183.33 99.93 C 183.1 103.45 183.29
    106.98 183.37 110.51 C 180.86 109.66 178.32 108.92 175.79 108.16 C 176.67 101.08
    178.97 94.31 181.2 87.57 C 182.63 82.94 186.09 79.37 188.02 74.97 Z
    M 478.99 72.2 L 479.13 71.57 C 488.72 75.69 494.94 84.41 500.05 93.12 C 493.45
    90.41 486.95 87.3 479.86 86.07 C 480.37 85.12 480.88 84.17 481.41 83.22 C 481.16
    79.43 480.05 75.81 478.99 72.2 Z
    M 381.8 78.65 C 386.37 77.13 391.14 75.88 396 76.3 C 402.57 76.84 409.25 76.14
    415.72 77.7 C 415.38 79.12 415.04 80.54 414.74 81.97 C 411.29 78.96 406.63 79.7
    402.47 80.22 C 403.63 81.61 404.84 82.96 406.01 84.36 C 403.97 83.12 401.99
    81.79 400.05 80.41 C 396.87 80.41 393.95 81.57 391.06 82.73 C 387.83 81.74
    384.87 80.05 381.8 78.65 Z
    M 416.03 83.97 C 416.63 82.17 417.14 80.33 417.92 78.59 C 421.84 77.94 425.04
    80.62 427.91 82.86 C 427.73 86.24 429.99 88.52 432.99 89.6 C 433.98 88.93 434.96
    88.27 435.95 87.6 C 441.96 91.8 448.09 95.81 454.19 99.87 C 449.13 98.69 443.87
    98.28 438.95 96.55 C 438.2 96.99 437.48 97.51 436.71 97.88 C 428.25 96.51 419.68
    93.54 411.01 95.53 C 408.66 93.82 406.42 91.95 404.66 89.61 C 409.46 89.23
    414.42 89.32 418.94 87.38 C 417.97 86.24 417 85.1 416.03 83.97 Z
    M 309.05 95.98 C 317.57 92.81 326.69 91.53 335.74 91.24 C 335.38 91.66 334.66
    92.5 334.3 92.92 C 334.68 93.34 335.45 94.18 335.84 94.6 C 335.92 95.29 332.46
    94.72 331.52 95.65 C 330.15 96.63 329.04 97.93 327.87 99.13 C 331.58 100.6
    335.82 100.19 339.25 102.42 C 339.11 101.49 338.97 100.56 338.84 99.63 C 336.35
    99.53 333.93 98.92 331.56 98.2 C 334.92 96.4 338.71 98.03 342.18 98.57 C 341.67
    98.79 340.66 99.23 340.15 99.46 C 340.1 100.56 340.07 101.66 340.06 102.77 C
    342.01 101.09 343.83 99.27 345.6 97.4 C 343.16 96.85 340.71 96.36 338.27 95.85 C
    338.32 95.7 338.43 95.39 338.48 95.23 C 340.31 94.06 342.61 95.34 344.61 95.44 C
    347.05 96.3 348.96 94.18 351.15 93.5 C 355.06 93.77 358.69 95.47 362.15 97.21 C
    354.77 99 350.5 106.74 350.82 113.98 C 351.32 120.33 350.88 126.7 350.84 133.07
    C 350.67 137.7 349.2 142.45 345.2 145.21 C 346.49 145.26 347.78 145.34 349.07
    145.44 C 348.64 146.01 347.76 147.16 347.33 147.74 C 346.36 147.23 345.76 146.28
    344.99 145.54 C 342.13 149.35 338.86 153.61 333.99 154.77 C 330.32 155.17 326.62
    154.77 323 154.23 C 315.72 152.7 308.4 151.31 301.01 150.44 C 297.67 147.97
    293.52 144.65 293.98 140.01 C 293.87 135.71 295.55 131.67 296.7 127.6 C 297.95
    123.91 298.55 119.98 300.39 116.5 C 300.89 115.07 302.5 115 303.75 114.66 C
    310.65 113.33 317.79 114.06 324.64 112.46 C 326.04 110.27 323.39 110.86 322.05
    110.85 C 315.33 111.82 308.51 111.62 301.81 112.74 C 302.81 111.13 303.59 109.11
    305.57 108.49 C 312.18 106.06 319.37 106.24 326.28 105.42 C 326.83 103.55 328.27
    101.65 327.4 99.66 C 320.46 101.31 313.34 101.68 306.23 101.51 C 307.09 99.68
    306.59 96.54 309.05 95.98 Z
    M 452.8 96.06 C 455.48 92.74 459.71 91.03 463.95 91.28 C 469.75 91.52 475.63
    91.06 481.37 92.11 C 476.88 92.95 472.31 93.55 467.99 95.1 C 464.45 96.14 462.35
    99.58 459.02 101.01 C 456.24 100.86 454.41 98.08 452.8 96.06 Z
    M 339.37 92.26 C 342.53 92 345.71 92.04 348.84 92.52 C 346.03 94.8 342.4 93
    339.37 92.26 Z
    M 471.54 95.6 C 477.97 94.21 484.51 93.03 491.09 92.68 C 497.01 92.57 500.92
    97.57 505.48 100.55 C 509.97 103.51 513.32 107.74 516.44 112.05 C 509.71 110.75
    502.84 111.92 496.07 111.02 C 489.74 109.96 483.75 116.37 477.59 112.42 C 472.61
    108.26 467.18 104.6 461.05 102.33 C 464.17 99.59 467.27 96.4 471.54 95.6 Z
    M 411.57 97.35 C 417.26 95.77 423.11 96.93 428.83 97.6 C 428.83 97.92 428.84
    98.56 428.84 98.89 C 425.29 99.13 421.56 97.94 418.16 99.23 C 418.82 100.06
    419.7 100.67 420.79 101.06 C 417.68 101.08 414.59 100.68 411.53 100.14 C 413.38
    99.74 415.21 99.35 417.04 98.81 C 416.51 96.65 413.17 98.06 411.57 97.35 Z
    M 86.95 98.77 C 87.05 97.05 90.03 97.08 90.12 98.8 C 90.03 100.5 87.06 100.4
    86.95 98.77 Z
    M 356.74 102.75 C 359.3 99.59 363.63 98.34 367.56 99.13 C 365 99.98 362.15 99.99
    359.8 101.4 C 356.02 104.75 354.17 109.6 352.25 114.14 C 352.85 110.08 353.79
    105.8 356.74 102.75 Z
    M 82.96 113.28 C 88.58 108.6 92.64 100.13 100.96 100.25 C 108.33 101.6 115.24
    104.85 122.1 107.76 C 117.51 111.24 113.51 115.39 109.42 119.42 C 106.06 122.83
    104.95 127.77 104.53 132.38 C 105.42 131.29 106.3 130.18 107.16 129.07 C 105.89
    131.89 104.48 134.86 104.79 138.03 C 105.24 140.16 106.39 142.05 107.31 144 L
    107.85 141.53 C 109.98 144.52 112.01 147.61 113.39 151.02 C 110.78 150.73 108.26
    150.03 105.78 149.18 C 97.59 147 88.34 147.37 81.38 141.85 C 77.84 139.24 71.62
    136.99 73 131.47 C 74.41 133.41 75.7 135.45 76.84 137.56 C 77.34 137.56 78.34
    137.56 78.84 137.55 C 77.31 135.32 75.76 133.1 74.08 130.97 C 74.77 124.54 78.48
    119.1 82.43 114.21 C 81.78 109.87 83.63 105.58 86.74 102.59 C 87.26 102.47 88.32
    102.22 88.85 102.09 C 88.85 106.63 83.06 108.57 82.96 113.28 Z
    M 419.92 103 C 425.1 101.65 430.35 99.73 435.8 100.41 C 428.2 101.86 420.39
    103.4 413.86 107.8 C 408.99 110.11 404.92 113.72 402.21 118.39 C 401.98 118.69
    401.53 119.3 401.31 119.6 C 400.51 128.16 400.06 136.75 399.61 145.33 C 396.25
    143.64 393.1 141.57 389.7 139.96 C 389.77 134.2 391.97 128.85 393.29 123.33 C
    393.76 124.55 394.21 125.78 394.67 127.01 C 394.41 124.7 394.27 122.38 394.19
    120.06 C 394.78 120.18 395.96 120.42 396.55 120.54 C 396.41 120.13 396.13 119.31
    395.99 118.9 C 397.74 118.51 399.49 118.13 401.23 117.68 C 399.61 117.19 397.94
    116.71 396.32 116.27 C 403.43 110.65 411.32 105.97 419.92 103 Z
    M 310.54 102.83 C 315.72 102.56 320.93 102.42 326.04 101.37 C 325.79 104.58
    322.22 103.5 320.01 103.9 C 314.64 104.12 309.4 105.33 304.15 106.38 C 304.65
    105.13 305.25 103.94 305.95 102.8 C 307.47 102.73 309 102.79 310.54 102.83 Z
    M 402.39 102.26 C 406.5 101.86 410.66 102.29 414.78 102.39 C 414.77 102.62
    414.77 103.08 414.77 103.31 C 410.35 104.11 406.35 106.23 402.76 108.85 C 401.83
    108.42 400.91 107.98 399.99 107.54 C 399.31 107.6 397.97 107.74 397.29 107.8 C
    398.96 105.93 400.46 103.88 402.39 102.26 Z
    M 428.99 103 C 439.8 101.43 451.09 100.79 461.58 104.36 C 468.55 106.82 474.25
    111.65 479.55 116.64 C 483.56 120.22 485.91 125.12 487.61 130.13 C 481.22 129.33
    474.76 128.71 468.35 129.62 C 467.98 137.09 469.89 144.47 469.23 151.94 C 468.45
    158.6 468.97 165.45 466.84 171.91 C 461.83 171.32 456.93 172.82 451.95 172.74 C
    450.42 169.45 450.87 165.61 450.22 162.1 C 448.4 151.45 447.98 140.54 444.39
    130.27 C 434.19 129.4 423.03 130.48 414.66 136.93 C 412.98 130.55 409.45 124.72
    405.13 119.79 C 405.91 124.33 409.28 127.79 411.02 131.96 C 411.65 135.65 413.35
    139.1 413.5 142.89 C 414.38 154.41 414.4 166.04 412.73 177.49 C 409.14 178.75
    405.75 180.46 402.3 182.03 C 403.49 185.17 405.7 187.72 407.63 190.42 C 409.81
    193.42 411.24 196.87 412.95 200.15 C 415.69 205.41 418.27 210.9 419.12 216.83 C
    415.24 219.36 411.68 222.32 407.97 225.08 C 410.44 228.88 412.69 232.82 415.27
    236.55 C 416.51 238.58 419.02 238.97 421.13 239.62 C 427.72 241.18 434.16 243.76
    441.04 243.66 C 442.92 243.99 444.21 242.42 445.61 241.47 C 450.4 241.2 455.21
    241 460 241.49 C 459.37 242.35 458.74 243.2 458.12 244.06 C 452.29 244.74 446.95
    247.54 441.08 248.09 C 433.82 246.09 426.13 246.88 418.98 244.26 C 409.82 234.29
    404.79 221.56 397.68 210.21 C 394.49 205.76 390.74 201 390.79 195.24 C 391.06
    190.83 391.15 186.41 390.8 182 C 391.34 181.77 392.44 181.32 392.99 181.09 C
    395.69 171.55 396.07 161.3 393.25 151.74 C 392.23 151.6 391.22 151.46 390.21
    151.32 C 390.85 159.43 391.89 167.67 389.92 175.69 C 387.13 170.08 387.4 163.71
    387.36 157.63 C 387.37 154.34 388.32 151.18 389.35 148.1 C 390.24 148.42 391.13
    148.73 392.03 149.05 C 390.9 146.91 389.86 144.71 389 142.44 C 393.38 144.15
    397.04 147.23 401.39 148.99 C 401.75 147.01 402.16 145.03 402.24 143.01 C 402.45
    134.81 403.6 126.55 402.21 118.39 C 406.53 119.36 406.93 113.6 409.97 111.83 C
    415.89 108.12 422.07 104.46 428.99 103 Z
    M 61.25 105.22 C 63.32 104.34 65.59 104.13 67.77 103.64 C 68.02 105.76 68.3
    107.88 68.59 109.99 C 65.47 110.3 62.33 110.44 59.2 110.27 C 59.75 108.57 59.04
    105.83 61.25 105.22 Z
    M 300.01 104.77 C 301.22 104.13 302.43 103.5 303.65 102.87 C 303.24 104.42
    302.84 105.96 302.44 107.51 C 298.75 106.71 294.24 107.91 291.38 104.89 C 294.23
    104.38 297.14 104.34 300.01 104.77 Z
    M 127.84 108.75 C 145.16 107.96 162.91 106.17 179.92 110.44 C 173.42 111.35
    165.97 110.91 160.91 115.87 C 157.47 118.82 157.35 123.99 158.97 127.91 C 162.1
    133.75 166.71 138.66 171.82 142.83 C 171.65 145.17 171.26 147.54 171.59 149.89 C
    172.85 156.5 173.09 163.37 175.85 169.62 C 162.73 169.58 149.26 167.9 137.64
    161.4 C 135.3 159.15 133.47 156 130.09 155.23 C 124.17 153.71 118.74 150.68
    113.91 147.01 C 111.28 144.06 109.02 140.66 107.58 136.98 C 107.38 133.33 107.13
    129.57 107.98 125.99 C 109.44 120.9 114.2 118.04 117.49 114.25 C 117.81 114.52
    118.44 115.06 118.75 115.33 C 120.4 113.55 122.09 111.81 123.79 110.08 C 124.5
    110.26 125.91 110.62 126.62 110.8 C 126.92 110.28 127.54 109.26 127.84 108.75 Z
    M 355.93 110.54 C 358.84 109.61 361.83 107.78 364.97 108.75 C 368.6 109.9 371.83
    112 374.94 114.15 C 380.03 117.92 385.17 121.79 389 126.91 C 387.04 133.69
    387.83 140.73 387.51 147.66 C 384.72 155.82 383.61 164.91 386.55 173.19 C 379.19
    174.66 371.83 176.11 364.5 177.75 C 364.54 179.25 364.58 180.75 364.62 182.26 C
    364.07 180.92 363.54 179.57 363.01 178.23 C 353.49 180.05 344.83 184.92 335.28
    186.6 C 333.04 179.51 329.14 171.36 320.97 170 C 322.31 166.64 323.74 163.25
    326.21 160.54 C 330.18 161.06 334.27 160.87 338.21 160.17 C 345.16 155.98 349.83
    148.42 351.49 140.56 C 354.62 130.76 350.93 119.91 355.93 110.54 M 369.42 152.48
    C 369.03 154.61 367.68 157.02 368.88 159.11 C 371.19 161.4 374.58 162.18 377.74
    162.28 C 378.94 161.49 380.18 160.76 381.44 160.07 C 382.41 159.01 383.37 157.94
    384.33 156.87 C 383.35 154.97 382.91 152.26 380.62 151.47 C 376.93 150.03 372.92
    150.99 369.42 152.48 Z
    M 381.16 116 C 387.41 113.44 393.9 111.5 400.47 109.97 C 396.9 112.46 393.53
    115.24 390.77 118.62 C 390.48 118.51 389.91 118.28 389.62 118.16 C 390.78 119.68
    389.56 121.25 389.17 122.77 C 386.43 120.6 383.55 118.57 381.16 116 Z
    M 56.65 113 C 60 111.85 63.6 112.07 67.06 111.52 C 66.58 114.07 66.19 116.64
    65.81 119.2 C 63.17 118.61 60.53 118.01 57.88 117.44 C 58.41 117.4 59.47 117.32
    60 117.28 C 60.16 116.47 60.49 114.85 60.65 114.04 C 59.4 113.87 58.14 113.68
    56.89 113.49 C 56.75 114.33 56.47 115.99 56.33 116.82 C 54.99 116.83 53.66
    116.83 52.33 116.83 C 52.25 116.07 52.09 114.55 52.01 113.79 C 53.48 113.11
    55.03 112.02 56.65 113 Z
    M 68.54 119.44 C 68.85 116.38 69.76 113.39 72.27 111.43 C 75.22 112.22 78.22
    112.79 81.18 113.5 C 79.87 115.81 78.59 118.14 77.33 120.47 C 74.47 119.67 71.49
    119.58 68.54 119.44 Z
    M 162.75 116.81 C 167.24 113.35 172.97 112.53 178.49 113.07 C 173.16 114 167.91
    115.18 162.75 116.81 Z
    M 179.36 115.25 C 179.89 115.41 180.95 115.74 181.49 115.91 C 185.92 116.82
    190.39 115.29 194.86 115.62 C 205.04 116.6 216.75 117.08 224.11 125.26 C 217.77
    122.2 210.36 124.99 205.5 129.49 C 200.5 134.55 195.06 139.43 191.94 145.96 C
    190.18 144.8 188.47 143.57 186.84 142.24 C 186.15 142.23 184.76 142.21 184.06
    142.19 C 182.08 136.71 179.72 131.36 177.77 125.87 C 176.24 122.26 178.07 118.6
    179.36 115.25 Z
    M 162.23 119.15 C 167.05 117.2 172.1 115.19 177.41 115.61 C 176.67 117.08 175.81
    118.51 175.29 120.08 C 175.09 124.62 177.3 128.73 178.82 132.87 C 178.34 134.28
    177.95 135.71 177.55 137.15 C 178.45 136.68 179.35 136.19 180.25 135.7 C 180.83
    137.8 181.49 139.87 182.18 141.93 C 180.53 144.1 178.37 146.16 178.03 149.01 C
    177.58 151.85 177.58 154.74 177.45 157.61 L 176.32 157.41 C 176.02 152.8 175.63
    148.19 175.98 143.58 C 175.4 144.72 174.83 145.87 174.26 147.03 C 174.4 145.14
    174.53 143.26 174.6 141.38 C 168.1 138.9 163.63 133.01 160.52 127.05 C 159.97
    124.49 159.16 120.34 162.23 119.15 M 175.2 143.26 C 175.76 143.83 175.76 143.83
    175.2 143.26 Z


    M 49.76 119.31 C 50.86 119.24 51.95 119.18 53.05 119.12 C 52.75 120.87 52.47
    122.62 52.22 124.38 C 50.67 123.06 49.42 121.47 49.76 119.31 Z


    M 56.79 120.03 C 59.19 120.08 61.59 120.19 63.99 120.34 C 63.08 123.09 62.28
    125.87 61.65 128.7 C 60.03 127.57 57.64 127.09 56.76 125.14 C 56.62 123.44 56.72
    121.73 56.79 120.03 Z


    M 268.81 122.51 C 269.5 121.22 270.21 119.95 270.93 118.69 C 273.02 123.07
    277.55 127.48 275.6 132.65 C 274.91 132.65 273.53 132.66 272.83 132.67 C 272.05
    129.09 270.68 125.66 268.81 122.51 Z


    M 65.66 129.97 C 66.23 126.69 67.24 123.5 68.8 120.55 C 71.02 121.02 73.25
    121.47 75.47 121.97 C 74.41 123.78 73.28 125.58 71.89 127.17 C 71.81 129.1 71.76
    131.02 71.71 132.95 C 69.69 131.96 67.67 130.98 65.66 129.97 Z


    M 487.04 122.82 C 490.36 122.84 485.62 125.89 487.04 122.82 Z


    M 490.01 123.2 C 494.09 123 498.04 124.3 501.55 126.29 C 506.13 128.57 508.54
    133.32 511.8 137.01 C 516.31 138.18 520.82 139.31 525.32 140.49 C 529.52 142.65
    532.07 146.72 533.55 151.08 C 534.84 159.21 536.8 168.44 531.81 175.76 C 530.55
    178.57 527.69 179.82 525.08 181.04 C 522.4 182 521.64 185 520.04 187.05 C 517.25
    190.7 515.05 194.86 511.38 197.74 C 511.48 192.27 516.49 189.08 517.95 184.14 C
    515.28 173.2 514.5 161.94 512.25 150.94 C 511.91 147.17 508.36 145.25 505.6
    143.34 C 501.51 140.92 497.96 137.69 494.89 134.09 C 492.22 131.03 491.28 126.95
    490.01 123.2 Z


    M 265.63 134.35 C 266.59 130.77 267.16 127.1 268.23 123.55 C 269.62 126.72
    270.81 129.98 271.9 133.27 C 270.61 134.43 269.31 135.58 268.02 136.74 C 267.22
    135.94 266.42 135.15 265.63 134.35 Z


    M 202.26 135.59 C 205.12 131.32 209.43 128.11 214.41 126.82 C 210.35 129.72
    206.18 132.48 202.26 135.59 Z


    M 214.3 129.04 C 217.37 127.92 220.57 127.21 223.85 127.35 C 223.84 127.95
    223.81 129.15 223.8 129.76 C 236.23 130.74 248.62 132.23 261.02 133.62 C 263.69
    133.76 265.4 136.11 267.16 137.82 C 269.87 140.96 273.1 143.59 276.43 146.02 C
    276.47 146.46 276.55 147.33 276.59 147.77 L 276.64 146.06 C 280.03 148.46 283.74
    150.35 287.47 152.19 C 276.11 155.74 264.55 159.11 254.38 165.49 C 252.9 167.14
    251.5 168.88 250.74 171 C 250.3 170.59 249.41 169.77 248.97 169.36 C 249.67
    170.16 250.36 170.94 251.07 171.73 C 250.35 174.98 249.68 178.24 249.03 181.51 C
    247.36 181.52 245.69 181.53 244.03 181.55 C 243.72 186.56 240.72 190.63 238.07
    194.66 C 233.46 194.13 228.83 193.88 224.22 193.31 C 221.32 188.9 217.72 184.4
    217.22 178.99 C 220.61 169.3 224.45 159.26 231.94 151.93 C 237.92 145.6 244.61
    139.66 252.91 136.63 C 244.6 139.1 237.98 145.09 231.65 150.75 C 224.35 158.57
    219.18 168.34 216.42 178.65 C 214.12 178.42 211.29 179.4 209.54 177.42 C 205.86
    173.95 202.67 169.74 201.06 164.9 C 199.53 160.28 200.71 155.45 201.61 150.85 C
    198.81 151.97 196.64 154.08 194.63 156.25 C 194.57 153.42 194.41 150.57 193.55
    147.86 C 197.48 142.1 202.76 137.43 208.35 133.34 C 211.06 131.14 214.72 131.53
    217.95 131 C 216.76 130.29 215.54 129.64 214.3 129.04 M 219.27 130.64 C 220.8
    130.39 222.34 130.16 223.88 129.94 C 222.01 128.29 219.57 128.45 217.23 128.7 C
    217.9 129.36 218.57 130 219.27 130.64 Z


    M 268.68 137.59 C 276.91 133.05 285.37 128.56 294.79 127.12 C 293.76 131.38
    291.34 135.44 291.77 139.96 C 291.63 144.39 295.7 147.21 296.93 151.22 C 294.51
    151.54 291.94 152.13 289.57 151.3 C 281.89 147.97 274.43 143.78 268.68 137.59 Z


    M 470.8 131.16 C 471.42 131.68 472.04 132.19 472.67 132.71 C 477.24 129.53 483.1
    132.04 488.11 132.76 C 489.54 139.37 489.76 146.14 490.79 152.8 C 491.44 152.13
    492.09 151.45 492.74 150.77 C 492.58 149.11 492.47 147.45 492.37 145.79 C 495.5
    145.03 498.63 143.96 501.89 143.93 C 504.76 145.18 507.8 146.71 509.7 149.27 C
    511.76 157.14 513.1 165.19 513.51 173.31 C 512.83 179.87 508.04 184.86 505.99
    190.92 C 504.91 194.23 500.65 193.85 498.02 195.03 C 498.16 194.3 498.44 192.86
    498.59 192.14 C 492.91 199.12 490.28 208.87 482.09 213.62 C 485.46 205.01 490.21
    196.75 491.53 187.45 C 491.9 187.09 492.66 186.38 493.04 186.02 C 493.85 175.12
    493.99 164.21 493.18 153.3 C 492.45 153.94 491.72 154.58 491.01 155.23 C 492.04
    163.13 492.09 171.21 490.46 179.04 C 489.78 181.45 490.24 184.59 487.97 186.23 C
    484.05 189.53 479.27 191.68 474.36 193.02 C 468.72 194.78 462.9 196.14 456.99
    196.37 C 450.14 196.13 443.38 194.49 437.06 191.85 C 433.15 190.39 429.73 187.62
    425.51 187.05 C 423.39 186.54 422.27 188.99 420.76 190.04 C 424.56 193.2 427.77
    197.44 432.63 199.02 C 438.95 200.65 445.54 200.14 452 200.04 C 456.69 199.97
    461.29 198.31 466.01 198.95 C 469.99 199.32 474.01 198.63 477.88 197.7 C 481.65
    196.82 484.65 194.24 487.95 192.36 C 484.81 201.75 481.45 211.37 475 219.05 C
    472.08 222.19 470.44 226.76 466.07 228.26 C 455.96 232.62 444.36 232.16 433.91
    229.23 C 431.27 228.39 428.48 228.35 425.8 229.01 C 423.52 226.13 421.27 223.23
    419.29 220.14 C 420.06 218.53 421.8 217 421.2 215.04 C 420.13 209.93 417.42
    205.39 415.28 200.68 C 412.24 194.51 409.47 188.1 405.04 182.75 C 408.33 181.04
    412 180.05 415.11 178.02 C 415.86 175.76 416.1 173.35 416.18 170.97 C 416.36
    160.01 415.52 148.9 417.82 138.09 C 424.96 133.66 433.76 132.41 442.01 132.71 C
    444.52 137.89 444.21 143.75 445.68 149.21 C 447.5 156.76 448.09 164.52 449.11
    172.2 C 449.18 174.1 451.13 175.41 452.95 175.09 C 458.12 174.54 463.32 173.7
    468.54 174.31 C 468.86 173.34 469.18 172.37 469.51 171.41 C 470.14 171.43 471.41
    171.46 472.04 171.48 C 471.4 171.43 470.11 171.34 469.46 171.29 C 471.8 161.33
    471.16 151.05 472.12 140.93 C 471.94 137.65 471.32 134.4 470.8 131.16 Z


    M 490.62 132.04 C 492.87 135.75 496.02 138.76 499.13 141.74 C 496.76 142.27
    494.39 142.79 492.03 143.34 C 491.71 139.55 491.27 135.78 490.62 132.04 Z


    M 201.28 136.17 C 201.83 136.71 201.83 136.71 201.28 136.17 Z


    M 180.4 148.29 C 180.73 146.1 183.21 145.56 185.07 145.51 C 187.54 146.44 189.99
    147.81 191.6 149.96 C 191.46 153.04 190.4 156.02 190.47 159.13 C 190.87 160.87
    192.07 162.26 192.97 163.77 C 188.81 163.84 184.49 162.17 181.81 158.96 C 180.23
    155.71 179.73 151.84 180.4 148.29 Z


    M 337.67 155.8 C 341.02 153.62 343.42 150.32 346.53 147.85 C 344.84 152.28
    341.62 156.75 336.9 158.22 C 333.86 158.54 330.79 158.44 327.75 158.26 C 330.77
    156.34 334.7 157.81 337.67 155.8 Z


    M 371.38 154.32 C 375.06 152.18 380.68 151.59 382.86 156.05 C 380.92 161.34
    374.21 161.6 369.94 159.14 C 370.27 157.52 369.62 155.27 371.38 154.32 M 371
    156.03 C 372.82 158 375.05 159.32 377.89 158.18 C 376.61 157 374.82 156.68
    373.19 156.33 C 374.57 155.69 375.96 155.07 377.35 154.43 C 377.71 155.08 378.43
    156.37 378.79 157.02 L 379.41 154.98 C 377.08 152.11 373.01 153.62 371 156.03 Z


    M 194.15 161.01 C 193.99 157.74 197.56 156.13 199.42 153.98 C 198.59 158.03
    198.61 162.18 199.3 166.25 C 197.57 164.52 195.63 162.97 194.15 161.01 Z


    M 175.14 159.47 C 176.75 158.76 176.91 162.06 175.23 161.52 C 175.21 161.01
    175.16 159.98 175.14 159.47 Z


    M 391.58 157.43 C 395.46 160.12 394.48 165.05 394.02 169.04 C 393.41 172.92
    393.23 177.11 390.7 180.34 C 392.12 172.79 391.73 165.07 391.58 157.43 Z


    M 135.32 161.55 C 140.07 164.55 145.06 166.99 150.45 168.61 C 150.48 169.36
    150.53 170.86 150.56 171.6 C 158.16 172.23 165.75 170.36 173.32 171.25 C 171.64
    172.6 170.03 174.1 168.11 175.1 C 161.01 176.06 154.04 178.13 146.8 177.61 C
    143.99 175.74 141.07 174.06 138.26 172.18 C 137.21 168.66 136.03 165.17 135.32
    161.55 Z


    M 152.46 169.07 C 153.56 168.14 154.24 168.38 154.49 169.8 C 153.38 170.73
    152.71 170.49 152.46 169.07 Z


    M 320.07 170.69 C 326.25 173.87 331.07 179.27 333.18 185.93 C 331.93 186.7 330.7
    187.47 329.46 188.23 C 324.3 195.79 324.71 205.26 324.95 214 C 325.49 219.93
    326.04 226.59 331.02 230.63 C 329.25 231.68 326.57 232.36 326.23 234.74 C 326.7
    234.97 327.64 235.43 328.12 235.66 C 329.75 237.74 331.89 239.58 332.36 242.33 C
    329.21 240.12 326.69 237.2 323.94 234.55 C 324.52 233.98 325.09 233.4 325.66
    232.83 C 318.47 232.63 311.22 232.37 304.16 230.85 C 303.1 230.49 301.52 230.28
    301.33 228.92 C 299.12 221.38 297.77 213.62 296.51 205.88 C 297.5 204.44 297.79
    202.81 296.57 201.42 C 296.44 197.24 296.78 193.06 297.23 188.91 C 303.25 184.85
    309.6 181.29 316.76 179.71 C 317.73 176.66 318.8 173.63 320.07 170.69 Z


    M 203.06 172.91 C 206.37 176.41 209.38 181.6 214.98 180.92 C 217.9 185.65 219.61
    191.49 224.08 195.03 C 229.46 196.4 235.13 196.12 240.48 197.75 C 240.38 196.93
    240.28 196.11 240.19 195.29 C 242.22 191.41 244.63 187.68 245.76 183.4 C 246.5
    183.26 247.98 182.97 248.72 182.83 C 248.2 189.57 247.18 196.37 248.25 203.12 C
    248.8 206.25 249.54 209.35 249.96 212.51 C 242.38 205.82 231.98 204.1 223.13
    199.83 C 218.66 195.31 215 190.03 210.5 185.53 C 206.81 182.16 205.11 177.33
    203.06 172.91 Z


    M 370.42 178.54 C 375.77 177.49 381.08 176.31 386.32 174.8 C 386.39 183.47
    385.07 192.11 385.65 200.78 C 384.1 207.05 384.46 213.54 383.34 219.88 C 382.41
    220.97 381.49 222.08 380.59 223.19 C 380.88 223.14 381.47 223.05 381.76 223 C
    379.61 225.84 381.66 228.14 383.88 229.85 C 382.39 229.61 380.9 229.39 379.41
    229.19 C 379.74 227.84 380.08 226.5 380.45 225.17 C 379.96 224.56 379.47 223.97
    378.97 223.39 C 374.9 225.56 371.03 228.73 366.18 228.7 C 367.45 222.23 366.8
    215.61 367.66 209.1 C 368.72 199.7 366.93 190.31 366.68 180.93 C 366.31 178.74
    369.07 179.08 370.42 178.54 Z


    M 511.32 185.28 C 512.81 183.03 513.85 180.53 514.7 177.98 C 515.08 179.97
    515.66 181.93 515.85 183.96 C 514.66 187.09 511.86 189.26 510.56 192.32 C 509.52
    195 509.08 197.92 507.61 200.41 C 503.55 202.96 498.79 204.2 494.07 204.74 C
    494.94 202.76 495.53 200.58 496.9 198.87 C 499.37 196.67 502.83 196.31 505.88
    195.39 C 508.01 192.19 509.2 188.48 511.32 185.28 Z


    M 388.79 178.19 C 390.07 185.41 388.11 192.76 388.8 200.02 C 390.09 204.29
    393.65 207.28 395.9 211.03 C 399.56 216.86 402.76 222.97 406.07 229 C 399.67
    225.82 393.18 222.57 388.12 217.39 C 387.44 218.05 386.77 218.73 386.12 219.43 C
    389.41 222.1 393.36 223.77 396.79 226.25 C 399.97 228.57 403.95 229.47 407.12
    231.79 C 410.92 236.24 412.67 243.04 418.61 245.26 C 420.39 245.78 422.03 246.77
    423.85 247.18 C 424.72 247.16 426.48 247.14 427.35 247.13 C 425.58 248.5 423.49
    249.3 421.32 249.77 C 420.18 250.96 419.06 252.16 417.93 253.35 C 417.8 252.73
    417.55 251.48 417.42 250.86 C 410.36 249.25 403.89 245.76 398.16 241.41 C 397.48
    242.03 396.82 242.66 396.17 243.29 C 402.18 246.86 407.88 251.24 414.98 252.37 C
    414.89 253.63 414.8 254.9 414.72 256.17 C 414.54 255.53 414.18 254.26 414 253.63
    C 404.37 250.42 395.1 244.77 389.48 236.12 C 391.26 237.98 393.02 239.87 394.8
    241.74 C 395.36 241.16 395.91 240.58 396.47 240 C 394.18 238.4 392.58 236.11
    391.24 233.71 C 396.32 236.48 402.74 236.58 406.96 240.85 C 406.1 242.81 405.96
    244.77 407.96 246.1 C 408.55 244.36 409.12 242.62 409.7 240.88 C 406.33 237.06
    401.45 235.35 396.95 233.3 C 393.75 232.24 390.92 229.78 387.4 230.02 C 385.53
    228.02 383.92 225.8 382.68 223.37 C 383.39 223.11 384.8 222.61 385.5 222.35 C
    387.92 209.7 387.7 196.78 387.59 183.97 C 387.54 181.97 388.24 180.07 388.79
    178.19 Z


    M 355.94 182.42 C 358.1 181.77 360.19 180.94 362.31 180.19 C 364.09 189.67
    366.62 199.23 365.67 208.97 C 365.1 215.4 365.56 221.9 364.5 228.3 C 355.8
    230.96 346.67 230.83 337.69 230.41 C 335.91 225.97 333.81 221.62 332.77 216.93 C
    331.49 208.76 330.31 200.48 331 192.19 C 331.9 191.08 332.79 189.96 333.68
    188.85 C 341.38 187.72 348.45 184.33 355.94 182.42 Z


    M 523.02 184.95 C 524.72 183.96 526.4 182.93 528.08 181.91 C 523.7 185.31 523.04
    191.31 518.98 194.94 C 517.7 196.16 516.16 197.1 514.71 198.09 C 517.35 193.62
    521.03 189.8 523.02 184.95 Z


    M 424.48 188.87 C 426.93 189.92 429.24 191.24 431.46 192.71 C 435.44 195.71
    440.67 195.72 445.09 197.76 C 440.87 197.87 436.45 198.01 432.46 196.43 C 428.94
    195.01 426.62 191.84 424.48 188.87 Z


    M 327.43 214.97 C 327.35 208.4 326.75 201.63 328.68 195.25 C 328.83 203.91
    329.14 212.71 331.76 221.04 C 332.91 224.02 334.36 226.87 335.4 229.89 C 329.04
    227.9 328.55 220.47 327.43 214.97 Z


    M 470.98 228.99 C 475.42 224.8 478.19 219.34 481.1 214.07 C 483.59 217.91 486.35
    221.62 488.32 225.77 C 488.77 226.83 489.34 228.35 488.18 229.2 C 485.72 231.55
    483.07 233.7 480.5 235.93 C 480.94 236.37 481.4 236.82 481.87 237.27 C 481.02
    238.05 480.19 238.85 479.39 239.68 C 479.19 239 478.79 237.65 478.58 236.97 C
    478.11 238.05 477.68 239.15 477.3 240.26 C 475.51 239.56 473.75 238.72 471.86
    238.34 C 469.42 238.05 467.38 239.72 465.36 240.8 C 464.73 241.97 464.68 243.57
    463.56 244.42 C 455.43 249.84 445.92 252.41 437.15 256.53 C 429.91 259.57 422.36
    261.95 414.55 262.97 C 414.59 262.64 414.67 261.99 414.71 261.67 C 409.21 263.89
    402.8 263.28 397.83 266.92 C 396.35 265.46 394.8 263.92 392.69 263.48 C 386.13
    261.73 379.59 259.89 372.91 258.66 C 372.3 257.49 372.2 255.7 370.68 255.32 C
    366.98 253.92 362.96 253.77 359.08 253.26 C 358.86 253.91 358.42 255.2 358.21
    255.84 C 354.6 254.82 351.03 253.7 347.49 252.48 C 350.11 247.32 355.33 244.32
    358.57 239.62 C 360.3 237.87 361.29 234.76 364.07 234.54 C 368.69 234.3 373.36
    234.51 377.92 233.52 C 380.66 232.8 383.4 233.63 385.93 234.69 C 388.51 239.92
    392.54 244.33 397.11 247.89 C 401.34 250.82 406.15 252.72 410.84 254.75 C 411.12
    256.01 411.4 257.26 411.69 258.52 C 414.08 258.21 416.52 258.05 418.84 257.31 C
    421.41 256.09 423.53 254.1 426.17 252.99 C 429.75 251.47 433.52 250.42 437.07
    248.82 C 439.66 249.36 442.38 249.99 444.99 249.12 C 450.15 247.64 455.53 246.64
    460.48 244.54 C 463.21 238.86 467.54 234.24 470.98 228.99 Z


    M 411.42 225.94 C 413.04 224.49 414.66 223.04 416.26 221.57 C 419.39 224.67
    421.79 228.42 424.93 231.5 C 426.7 231.86 428.35 230.76 430.02 230.29 C 436.58
    231.9 443.18 233.8 450 233.79 C 455.57 233.83 460.99 232.35 466.41 231.24 C
    464.32 234.01 462.3 236.9 459.71 239.23 C 453.39 240.3 446.27 237.82 440.68
    241.93 C 436.45 242.17 432.17 241.05 428.01 240.18 C 424.91 239.38 421.64 238.93
    418.82 237.33 C 415.78 233.95 413.8 229.78 411.42 225.94 Z


    M 484.2 238.26 C 488.49 234.25 493.55 231.19 497.99 227.36 C 494.12 235.61
    486.44 240.95 479.96 246.99 C 474.9 251.88 468.96 255.8 462.5 258.58 C 456.75
    260.97 451.36 264.68 444.98 265.13 C 434.29 266.2 423.51 267.95 412.77 266.55 C
    420.5 265.76 428.25 264.74 435.87 263.25 C 442.76 260.35 450.09 258.31 456.4
    254.19 C 459.67 252.1 463.45 250.86 466.56 248.53 C 467.81 246.83 468.56 244.85
    469.43 242.95 C 470.23 242.64 471.03 242.34 471.84 242.04 C 472.84 242.94 473.84
    243.84 474.84 244.74 C 478.22 242.97 481.45 240.91 484.2 238.26 Z


    M 325.83 239.56 C 328.4 241.36 331.13 243.34 332.29 246.4 C 329.48 244.82 327.5
    242.24 325.83 239.56 Z


    M 443.89 255.76 C 451.86 252.32 460.83 249.77 466.91 243.23 C 466.28 244.55
    465.68 245.89 465.1 247.24 C 457.53 250.85 450.8 256.17 442.66 258.53 C 435.23
    260.99 427.57 263.88 419.63 263.59 C 428.04 262.14 436.19 259.42 443.89 255.76 Z


    M 476.95 34.09 C 478.45 33.54 479.91 32.35 481.59 32.58 C 483.3 33.39 484.34
    35.08 485.56 36.46 C 490.22 33.1 491.47 40.28 495.33 41.25 C 498.29 46.66 495.07
    52.86 497.29 58.41 C 498.35 63.85 498.94 69.4 498.79 74.94 C 498.56 77.22 500.07
    79.05 501.13 80.9 C 504.38 86.18 506.73 92.03 507.67 98.19 C 507.88 99.98 509.39
    101.15 510.57 102.36 C 513.85 105.33 516.32 109.02 519.1 112.43 C 522.91 112.97
    526.7 114.02 529.96 116.14 C 533.6 118.12 535.42 122.07 537.54 125.44 C 540.34
    130.74 543.25 136.26 543.7 142.34 C 543.22 142.25 542.24 142.06 541.76 141.96 C
    541.24 135.22 537.64 129.33 534.55 123.5 C 532.55 119.59 528.87 116.7 524.7
    115.42 C 515.65 113 506.22 113.13 496.94 112.51 C 491.58 111.67 487.24 115.64
    482.4 117.23 C 484.83 121.45 489.94 121.1 494.11 122.03 C 497.99 122.59 501.5
    124.48 504.82 126.47 C 508.46 128.67 510.64 132.43 513.46 135.47 C 517.47 136.73
    521.71 137.19 525.68 138.58 C 529.49 140.39 532.92 143.28 534.87 147.07 C 536.73
    152.83 537.49 158.92 537.56 164.95 C 537.68 167.22 536.84 169.35 535.88 171.36 C
    535.3 173.04 534.72 174.72 534.18 176.42 C 532.64 178.45 531.12 180.57 530.75
    183.17 C 537.69 176.49 541.24 167.05 542.8 157.71 C 544.09 153.28 543.36 148.64
    542.32 144.25 C 543.02 143.54 543.73 142.86 544.47 142.19 C 546.15 147.47 545.2
    153.03 544.73 158.42 C 544.9 159.26 546.03 160.28 545.19 161.1 C 542.89 163.49
    542.35 166.85 541.69 169.96 C 539.25 175.96 535.53 181.38 531.14 186.11 C 530.99
    185.3 530.71 183.68 530.56 182.87 C 528.17 184.32 525.54 185.99 525.67 189.23 C
    526.83 188.03 527.93 186.78 528.97 185.48 C 529.54 186.08 530.12 186.69 530.69
    187.3 C 525.68 190.32 522.31 195.17 517.88 198.85 C 511.58 203.07 504.15 204.79
    496.88 206.54 C 495.39 206.71 493.9 206.39 492.43 206.25 C 489.99 209.69 486.83
    212.5 484.2 215.79 C 486.91 219.15 491.26 220 495.29 220.67 C 497.39 221.25
    498.7 218.87 500.46 218.22 C 498.94 222.12 495.82 225.99 492.19 227.83 C 491.8
    225.8 494.3 224.57 495.11 222.87 C 492.96 221.93 490.69 221.34 488.41 220.83 C
    489.49 223.84 490.47 226.91 491.93 229.77 C 495.45 226.23 500.17 223.17 501.1
    217.86 C 501.58 218.57 502.54 219.99 503.03 220.7 C 501.48 224.78 499.7 228.82
    497.41 232.55 C 494.43 236.78 490.62 240.37 486.64 243.65 C 481.44 247.82 477.2
    253.27 471.11 256.24 C 463.07 260.31 455.19 265.45 446.09 266.7 C 432.82 268.21
    419.36 269.63 406.07 267.56 C 399.64 269.01 393.18 270.3 386.91 272.33 C 378.94
    272.38 370.97 271.84 363.01 271.47 C 359.01 271.24 354.4 271.86 351.3 268.7 C
    356.91 267.94 362.4 269.76 368.01 269.48 C 373.27 269.29 378.69 270.44 383.78
    268.66 C 387.58 267.42 391.61 267.93 395.48 267.14 C 390.78 264.09 385.08 263.78
    379.86 262.17 C 376.71 261.19 373.47 260.6 370.21 260.15 C 370.18 259.29 370.12
    257.58 370.08 256.73 C 367.02 256.02 363.91 254.92 360.73 255.39 C 359.71 256.7
    358.46 258.54 360.21 259.82 C 362.15 261.33 364.7 261.22 367.01 261.59 C 364.47
    261.43 361.93 261.31 359.39 261.19 C 357.44 261.43 358.76 258.43 358.63 257.6 C
    352.34 255.13 345.22 255.38 339.15 252.4 C 339.08 252.1 338.95 251.48 338.88
    251.17 C 340.77 250.59 343.21 251.79 345.31 251.96 C 348.67 245.68 355.24 242.09
    358.85 236 C 359.83 234.63 360.51 232.97 361.86 231.9 C 366.68 232.5 371.82
    233.37 376.41 231.2 C 376.79 231.11 377.56 230.94 377.94 230.86 C 377.77 229.33
    377.61 227.81 377.45 226.29 C 373.68 228.26 369.62 229.54 365.72 231.2 C 364.88
    230.74 364.04 230.29 363.21 229.84 C 362.22 230.8 361.25 231.77 360.28 232.74 C
    352.31 232.23 344.17 231.62 336.29 233.26 C 335.57 238.82 334.68 244.39 334.83
    250.02 C 335.32 250.32 336.31 250.91 336.8 251.2 C 336.86 251.43 336.97 251.89
    337.03 252.12 C 335.02 252.94 332.81 253.54 331.43 255.35 C 331.9 255.4 332.85
    255.48 333.33 255.53 C 333.54 256.81 333.77 258.08 334.01 259.37 C 330.73 259.53
    327.41 260.06 324.14 259.57 C 320.14 258.06 316.74 255.36 313.31 252.88 C 310.93
    251.36 308.58 249.79 306.27 248.16 C 311.58 253.09 317.24 257.69 323.37 261.55 C
    327.19 264.1 332.13 264.44 335.6 267.58 C 329.47 267.44 324.16 264.12 318.91
    261.35 C 312.55 258 307.81 252.47 302.07 248.27 C 301.58 248.34 300.59 248.48
    300.09 248.55 C 298.37 246.17 296.64 243.81 294.84 241.49 C 290.58 240.25 284.97
    241.61 282.21 237.3 C 290.76 237.34 298.96 240.22 307.53 239.86 C 306.04 240.4
    304.55 240.91 303.04 241.39 C 308.61 248.04 316.15 252.53 323.17 257.44 C 325.54
    257.44 327.9 257.49 330.26 257.52 C 329.68 256.36 329.11 255.19 328.54 254.03 C
    328.96 253.57 329.8 252.66 330.21 252.2 C 325.38 247.46 318.72 245.23 313.76
    240.73 L 313.31 239.11 C 314.28 239.43 316.23 240.08 317.2 240.4 C 318.88 241.69
    320.62 242.9 322.42 244.02 C 321.06 242.19 319.48 240.51 317.54 239.28 C 316.94
    238.73 316.34 238.2 315.74 237.67 C 317.93 237.17 320.11 236.58 322.25 235.89 C
    315.18 234.16 307.88 233.59 300.74 232.16 C 294.21 218.06 291.69 201.79 295.48
    186.59 C 301.71 183.47 307.5 179.34 314.5 178.05 C 314.63 176.91 314.62 175.74
    314.92 174.63 C 317.69 168.15 321.38 162.1 326.04 156.81 C 315.45 154.9 304.69
    152.04 293.86 153.7 C 280.39 155.83 266.94 159.94 255.49 167.52 C 251.71 175.12
    250.68 183.59 249.83 191.93 C 249.23 200.51 250.54 209.18 253.84 217.13 C 255.46
    222.04 259.29 225.73 263.07 229.07 C 266.16 231.7 270.29 232.51 273.58 234.81 C
    269.79 233.78 265.88 232.71 262.58 230.52 C 259.12 227.57 255.23 224.71 253.42
    220.39 C 252.2 217.74 250.62 215.3 248.98 212.91 C 247.03 211.97 245.18 210.86
    243.45 209.58 C 240.18 206.97 235.85 206.61 232.19 204.78 C 229.52 204.36 226.87
    203.83 224.21 203.4 C 220.78 199.98 217.73 196.21 214.34 192.75 C 210.56 188.87
    206.59 185.01 203.88 180.26 C 202.2 175.93 200.45 171.62 198.4 167.44 C 196.53
    168.45 194.64 168.49 193.11 166.92 L 195.89 166.68 C 195.87 166.22 195.85 165.3
    195.83 164.85 C 191.36 166.65 186.7 168.29 181.82 168.22 C 179.73 168.24 179.75
    165.62 179.15 164.27 C 181.84 165.45 184.64 166.51 187.65 166.18 C 184.04 163.76
    180.21 161.5 177.68 157.85 C 178.34 161.37 179.23 164.84 179.8 168.37 C 178.98
    167.81 177.33 166.67 176.51 166.1 C 177.27 167.05 177.76 168.57 179.24 168.46 C
    183.92 169.39 188.69 168.5 193.19 167.12 C 193.17 167.73 193.12 168.95 193.1
    169.56 C 187.65 170.07 182.34 171.71 176.83 171.62 C 173.78 173.55 170.77 175.86
    167.12 176.47 C 162.1 177.26 157.12 178.51 152.02 178.66 C 146.18 179.04 140.73
    176.14 136.01 172.99 C 135.05 168.74 134.02 164.48 132.59 160.36 C 131.45 156.91
    127.59 156.15 124.55 155.22 C 121.72 154.53 118.8 152.27 115.89 153.94 C 110.62
    152.84 105.37 151.62 100.07 150.67 C 94.54 149.62 88.78 149.14 83.69 146.53 C
    83.55 146.02 83.28 144.99 83.15 144.47 C 80.14 143.15 76.56 142.34 74.57 139.49
    C 72.48 137.16 71.04 133.93 67.88 132.83 C 61.39 130.35 54.76 127.91 49 123.95 C
    46.93 122.77 47.64 120.16 47.72 118.25 C 48.33 117.96 49.54 117.39 50.15 117.1 C
    50.46 115.48 50.18 113.62 51.13 112.2 C 52.83 110.84 55.13 110.71 57.17 110.17 C
    56.98 109.35 56.6 107.71 56.41 106.89 C 57.64 105.51 58.76 103.99 60.21 102.82 C
    64.95 102.75 69.54 101.57 74.23 101.1 C 72.29 103.18 71.55 105.9 71.45 108.67 C
    74.26 109.57 77.01 110.63 79.76 111.68 C 79.97 107.75 81.71 104.09 81.7 100.15 C
    82.6 99.94 84.4 99.53 85.31 99.32 C 83.59 98.33 81.68 98.34 79.8 98.83 C 80.32
    99.9 80.85 100.98 81.39 102.05 C 78.73 102.31 76.07 102.54 73.4 102.53 C 74.65
    101.69 75.95 100.93 77.3 100.24 C 80.28 94.63 87.52 96.78 92.63 96.71 C 92.52
    98.38 92.44 100.04 92.4 101.71 C 92.97 100.35 93.33 98.92 93.64 97.48 C 98.87
    97.89 104.27 98.13 109.14 100.28 C 114.38 102.62 119.88 104.31 125.02 106.88 C
    126.53 107.77 128.33 107.35 129.98 107.38 C 130.03 102.35 131.53 97.48 133.99
    93.12 C 135.53 90.65 137.35 88.39 139.32 86.27 C 139.09 84.5 138.84 82.71 139.26
    80.95 C 140.45 73.49 142.71 66.23 145.88 59.37 C 144.88 59.33 142.87 59.25
    141.87 59.2 C 143.57 58.91 145.27 58.67 146.98 58.41 C 146.75 57.95 146.3 57.04
    146.08 56.58 C 146.53 56.77 147.44 57.13 147.9 57.32 C 151.81 55.19 154.26 51.04
    158.56 49.52 C 159.06 48.71 159.56 47.91 160.07 47.1 C 164.59 46.11 169.06 44.66
    173.74 44.61 C 176.39 46.54 180.28 45.88 182.45 48.53 C 185.04 51.3 187.9 53.84
    190.17 56.9 C 192.52 59.98 193.09 63.93 194.58 67.41 C 195.78 68.69 197.41 69.46
    198.84 70.45 C 207.47 70.27 214.92 75.4 221.08 80.91 C 228.55 87.07 235.14 94.2
    241.35 101.6 C 244.75 107 248.29 112.37 250.86 118.23 C 251.77 122.35 252.1
    126.6 252.3 130.81 C 255.52 131.23 258.77 131.49 262.03 131.54 C 262.93 124.4
    264.88 117.17 269.43 111.45 C 271.76 108.58 275.29 107.21 278.37 105.33 C 276.85
    101.6 276.09 97.55 274.07 94.03 C 271.04 89.05 268.42 83.84 265.09 79.04 C
    261.87 76.34 258.85 73.41 255.65 70.68 C 255.81 67.42 258.63 64.63 261.92 64.7 C
    265.2 64.56 267.51 67.33 269.69 69.39 C 272.02 72.44 274.87 75.05 277.16 78.14 C
    281.79 85.51 286.73 92.9 288.8 101.48 C 294.06 101.3 299.33 101.15 304.58 101.5
    C 304.59 101.01 304.6 100.03 304.61 99.54 C 304.21 99.58 303.4 99.67 303 99.72 C
    302.21 94.05 301.16 88.32 298.92 83.02 C 297.43 79.27 294.34 76.56 291.94 73.42
    C 286.35 69.66 279.72 67.82 274.23 63.92 C 280.06 64.78 285 68.23 290.25 70.65 C
    294.24 72.37 296.63 76.19 299.18 79.5 C 302.24 85.25 303.57 91.7 305.54 97.87 C
    305.44 97.15 305.23 95.71 305.13 94.99 C 312.36 91.85 320.16 90.36 327.94 89.34
    C 334.62 88.46 341.32 89.52 347.97 90.16 C 352.09 91.23 356.39 91.87 360.24
    93.79 C 363.35 95.33 366.49 96.85 369.83 97.88 C 369.26 99.14 368.76 100.45
    368.02 101.63 C 365.75 102.25 362.96 101.59 361.15 103.38 C 359.67 104.66 358.6
    106.32 357.42 107.84 C 359.73 107.62 362.02 106.98 364.35 106.94 C 369.78 108.16
    374.4 111.38 378.97 114.38 C 383.7 112.34 388.76 111.17 393.46 109.08 C 395.87
    106.61 397.1 103.06 400.02 101.03 C 402.25 99.35 405.19 99.95 407.78 99.81 C
    399.11 91.3 387.75 86.13 376.36 82.32 C 374.53 82.12 374.7 80.02 374.19 78.7 C
    385.98 73 399.38 74.45 412.02 75.1 C 418.04 75.36 423.16 78.85 428.67 80.89 C
    431.74 73.94 434.7 66.71 439.92 61.07 C 443.69 58.25 447.28 55.23 450.77 52.08 C
    454.94 49.84 457.17 45.58 459.84 41.88 C 461.44 39.55 463.07 36.73 466.03 36.02
    C 469.65 35.28 473.24 34.24 476.95 34.09 M 477.56 36.77 C 478.34 37.57 479.89
    39.16 480.67 39.96 C 477.62 40.27 474.23 39.38 474.08 35.77 C 474.12 36.49
    474.19 37.92 474.22 38.64 C 471.27 38.31 467.53 36.17 465.05 38.79 C 460 43.73
    457.61 51.32 450.83 54.43 C 453.47 53.63 456.21 53.08 458.99 53.34 C 459.03
    53.86 459.13 54.91 459.18 55.43 C 453.53 54.93 448.24 57.45 443.68 60.51 C
    445.22 62.01 446.78 63.48 448.4 64.91 C 448.31 65.15 448.12 65.63 448.03 65.87 C
    448.96 67.03 449.9 68.19 450.85 69.35 C 460.19 68.99 469.56 69.03 478.9 69.44 C
    476.59 67.29 474.36 65.04 471.98 62.96 C 468.11 59.58 463.47 57.28 459.45 54.12
    C 461.71 52.54 463.21 50.19 464.67 47.9 C 466.82 44.51 469.56 41.56 471.89 38.3
    C 473.13 38.82 474.08 39.69 474.45 41.02 C 468.42 43.25 467.22 50.4 462.95 54.55
    C 467.36 56.73 471.24 59.85 475.82 61.72 C 483.33 64.92 490.01 69.8 496.17 75.11
    C 497.11 67.9 495.81 60.58 493.29 53.82 C 491.11 46.9 483.76 43.99 479.48 38.62
    C 480.4 38.59 482.24 38.54 483.16 38.52 C 483.18 37.56 483.21 35.64 483.23 34.68
    C 480.93 33.67 479.29 35.62 477.56 36.77 M 484.29 40.65 C 485.72 41.99 487.17
    43.32 488.67 44.6 C 489.35 42.02 489.8 39.38 489.67 36.7 C 487.84 37.97 486.05
    39.3 484.29 40.65 M 491.21 42.13 C 490.28 45.76 492.3 48.77 494.69 51.26 C
    494.78 48.41 494.79 45.55 494.7 42.69 C 493.53 42.5 492.37 42.31 491.21 42.13 M
    161.67 48.74 C 160.45 50.48 159.09 52.11 157.56 53.6 C 155.87 56.83 153.28 59.44
    149.96 60.98 C 148.67 63.37 147.14 65.62 145.52 67.8 C 145.52 74.04 142.59 79.71
    141.65 85.8 C 137.17 92.23 131.75 99.05 132.36 107.42 C 146.28 107.07 160.26
    105.83 174.13 107.7 C 174.87 97.77 177.76 88.04 181.92 79.03 C 184.97 74.24
    187.54 69.1 191.16 64.7 C 189.09 61.64 187.78 58.15 185.79 55.06 C 183.81 52.83
    181.77 50.57 179.31 48.85 C 177.01 48.07 174.67 47.31 172.27 46.86 C 168.66
    46.89 165.19 48.06 161.67 48.74 M 431.04 83.19 C 433.75 77.96 437.13 72.86
    442.72 70.37 C 443.33 70.91 443.95 71.46 444.57 72.01 C 439.34 73.47 436.17
    78.25 434.09 82.93 L 433.24 82.44 C 433.22 83.52 433.21 84.61 433.21 85.69 C
    432.36 85.34 430.67 84.64 429.83 84.29 C 430.77 85.24 431.71 86.2 432.66 87.16 C
    435.54 80.63 440.17 74.49 447.2 72.14 C 447.15 72.68 447.05 73.75 447 74.29 C
    441.57 75.44 438.53 80.66 435.94 85.09 C 437.37 86.34 438.81 87.6 440.27 88.84 C
    440.83 85.34 441.3 81.81 442.34 78.4 C 443.69 78.54 445.03 78.69 446.4 78.83 C
    445.73 84 444.28 89.79 447.66 94.38 C 451.11 90.78 454.51 86.62 459.87 86.16 C
    458.34 81.8 456.57 77.23 452.03 75.21 C 453.53 74.82 455.04 74.5 456.56 74.19 C
    458.8 77.64 463.46 81.36 461.22 85.83 C 467.03 85.05 472.94 85.07 478.76 85.82 C
    477.58 82.46 476.8 78.97 475.52 75.63 C 476 75.76 476.96 76.02 477.44 76.14 C
    477.92 77.58 478.44 79.01 479.05 80.4 C 478.83 78.07 477.98 75.88 476.95 73.8 C
    476.12 74.42 475.29 75.03 474.45 75.63 C 473.06 73.33 475.01 72.54 476.68 71.72
    C 476.69 71.5 476.71 71.07 476.71 70.86 C 468.36 69.96 459.98 71.35 451.62 71.47
    C 451.05 71.99 449.92 73.02 449.35 73.54 C 448.67 73 448 72.44 447.34 71.89 L
    449.19 70.93 C 448.08 71.1 445.87 71.44 444.76 71.62 C 444.81 71.1 444.91 70.07
    444.96 69.55 C 445.74 69.54 447.3 69.52 448.08 69.52 C 447.88 65.94 444.65 63.78
    442.56 61.26 C 437.06 67.54 433.07 75.09 431.04 83.19 M 474.68 62.83 C 478.88
    67.46 483.31 71.92 488.46 75.5 C 492.05 78.83 495.74 82.3 500.76 83.24 C 496.84
    76.58 490.3 72.23 484.15 67.84 C 481.17 65.85 477.94 64.29 474.68 62.83 M 259.4
    70.08 C 264.27 76.39 270.16 81.93 274.17 88.88 C 278.36 93.91 278.69 100.75
    282.21 106.18 C 279.3 110.52 274.15 112.78 271.07 117.05 C 274.62 120.96 277.68
    125.35 279.21 130.47 C 284.17 127.69 289.88 127.03 295.15 125.1 C 296.4 120.32
    298.7 115.91 300.2 111.21 C 300.78 110.38 301.36 109.55 301.94 108.72 C 301.01
    109.4 300.11 110.09 299.21 110.8 C 295.95 110.56 291.56 112.06 289.54 108.63 C
    288.02 106.37 284.74 105.65 284.16 102.78 C 281.03 90.14 273.96 78.45 263.9
    70.15 C 262.69 68.67 260.87 69.92 259.4 70.08 M 188.02 74.97 C 186.09 79.37
    182.63 82.94 181.2 87.57 C 178.97 94.31 176.67 101.08 175.79 108.16 C 178.32
    108.92 180.86 109.66 183.37 110.51 C 183.29 106.98 183.1 103.45 183.33 99.93 C
    183.43 103.6 183.79 107.27 184.88 110.8 C 187.67 111.72 190.25 113.17 193.02
    114.12 C 198.29 115.42 203.77 115.1 209.11 115.76 C 212.37 116.32 215.42 117.68
    218.44 118.96 C 218.91 110.48 215.24 102.75 213.31 94.7 C 212.46 92.33 210.84
    90.36 209.41 88.33 C 211.29 87.79 213.17 87.22 215.12 86.92 C 216.52 87.29
    217.44 88.53 218.35 89.57 C 221.01 93.05 223.71 96.67 224.6 101.06 C 227.78
    109.89 230.17 119 231.28 128.34 C 234.53 128.59 237.86 129.38 241.09 128.5 C
    244.01 127.69 247.04 127.5 250.06 127.62 C 249.52 122.34 248.15 117.16 245.38
    112.6 C 243.61 108.4 239.72 105.47 238.45 101.04 C 234.77 96.6 231.04 92.15
    226.7 88.33 C 220.88 82.99 214.96 77.47 207.78 74 C 203.17 72.62 198.43 71.67
    193.81 70.28 C 191.54 71.37 188.96 72.41 188.02 74.97 M 478.99 72.2 C 480.05
    75.81 481.16 79.43 481.41 83.22 C 480.88 84.17 480.37 85.12 479.86 86.07 C
    486.95 87.3 493.45 90.41 500.05 93.12 C 494.94 84.41 488.72 75.69 479.13 71.57 L
    478.99 72.2 M 381.8 78.65 C 384.87 80.05 387.83 81.74 391.06 82.73 C 393.95
    81.57 396.87 80.41 400.05 80.41 C 401.99 81.79 403.97 83.12 406.01 84.36 C
    404.84 82.96 403.63 81.61 402.47 80.22 C 406.63 79.7 411.29 78.96 414.74 81.97 C
    415.04 80.54 415.38 79.12 415.72 77.7 C 409.25 76.14 402.57 76.84 396 76.3 C
    391.14 75.88 386.37 77.13 381.8 78.65 M 416.03 83.97 C 417 85.1 417.97 86.24
    418.94 87.38 C 414.42 89.32 409.46 89.23 404.66 89.61 C 406.42 91.95 408.66
    93.82 411.01 95.53 C 419.68 93.54 428.25 96.51 436.71 97.88 C 437.48 97.51 438.2
    96.99 438.95 96.55 C 443.87 98.28 449.13 98.69 454.19 99.87 C 448.09 95.81
    441.96 91.8 435.95 87.6 C 434.96 88.27 433.98 88.93 432.99 89.6 C 429.99 88.52
    427.73 86.24 427.91 82.86 C 425.04 80.62 421.84 77.94 417.92 78.59 C 417.14
    80.33 416.63 82.17 416.03 83.97 M 377.61 80.09 C 384.32 82.77 390.91 85.7 397.34
    89 C 391.9 84.05 384.65 81.65 377.61 80.09 M 443.3 91.52 C 443.81 87.64 443.85
    83.73 444.25 79.84 C 443.06 83.6 442.19 87.63 443.3 91.52 M 407.02 81.88 C
    408.83 83.5 410.59 85.17 412.3 86.9 C 413.29 86.59 414.29 86.28 415.29 85.97 C
    414.01 84.42 412.74 82.87 411.49 81.31 C 409.99 81.49 408.5 81.67 407.02 81.88 M
    397.15 83.68 C 400.27 85.15 403.31 88.87 407.02 86.92 C 404.1 84.91 400.93 82.47
    397.15 83.68 M 495.69 83.2 C 497.84 87.1 501.01 90.58 501.73 95.12 C 503.12
    96.15 504.51 97.16 505.93 98.17 C 504.95 94.26 504.42 90.12 502.26 86.63 C
    500.45 84.9 497.88 84.3 495.69 83.2 M 456.05 89.06 C 453.45 90.09 452.17 92.77
    450.65 94.93 C 453.79 92.62 457.02 89.99 461.06 89.63 C 470.53 89.07 480.01
    89.81 489.42 90.79 C 479.14 85.54 466.89 85.73 456.05 89.06 M 213.23 88.59 C
    216.11 98.75 221.74 108.83 220.39 119.71 C 222.86 121.62 224.96 123.93 227.11
    126.18 C 227.69 127.23 228.27 128.29 228.88 129.33 C 226.95 116.48 224.59 103.26
    218.05 91.85 C 216.83 90.39 215.63 87.48 213.23 88.59 M 398.7 89.67 C 402.62
    92.24 406.36 95.06 409.63 98.44 C 408.14 93.75 402.92 91.45 398.7 89.67 M 309.05
    95.98 C 306.59 96.54 307.09 99.68 306.23 101.51 C 313.34 101.68 320.46 101.31
    327.4 99.66 C 328.27 101.65 326.83 103.55 326.28 105.42 C 319.37 106.24 312.18
    106.06 305.57 108.49 C 303.59 109.11 302.81 111.13 301.81 112.74 C 308.51 111.62
    315.33 111.82 322.05 110.85 C 323.39 110.86 326.04 110.27 324.64 112.46 C 317.79
    114.06 310.65 113.33 303.75 114.66 C 302.5 115 300.89 115.07 300.39 116.5 C
    298.55 119.98 297.95 123.91 296.7 127.6 C 295.55 131.67 293.87 135.71 293.98
    140.01 C 293.52 144.65 297.67 147.97 301.01 150.44 C 308.4 151.31 315.72 152.7
    323 154.23 C 326.62 154.77 330.32 155.17 333.99 154.77 C 338.86 153.61 342.13
    149.35 344.99 145.54 C 345.76 146.28 346.36 147.23 347.33 147.74 C 347.76 147.16
    348.64 146.01 349.07 145.44 C 347.78 145.34 346.49 145.26 345.2 145.21 C 349.2
    142.45 350.67 137.7 350.84 133.07 C 350.88 126.7 351.32 120.33 350.82 113.98 C
    350.5 106.74 354.77 99 362.15 97.21 C 358.69 95.47 355.06 93.77 351.15 93.5 C
    348.96 94.18 347.05 96.3 344.61 95.44 C 342.61 95.34 340.31 94.06 338.48 95.23 C
    338.43 95.39 338.32 95.7 338.27 95.85 C 340.71 96.36 343.16 96.85 345.6 97.4 C
    343.83 99.27 342.01 101.09 340.06 102.77 C 340.07 101.66 340.1 100.56 340.15
    99.46 C 340.66 99.23 341.67 98.79 342.18 98.57 C 338.71 98.03 334.92 96.4 331.56
    98.2 C 333.93 98.92 336.35 99.53 338.84 99.63 C 338.97 100.56 339.11 101.49
    339.25 102.42 C 335.82 100.19 331.58 100.6 327.87 99.13 C 329.04 97.93 330.15
    96.63 331.52 95.65 C 332.46 94.72 335.92 95.29 335.84 94.6 C 335.45 94.18 334.68
    93.34 334.3 92.92 C 334.66 92.5 335.38 91.66 335.74 91.24 C 326.69 91.53 317.57
    92.81 309.05 95.98 M 452.8 96.06 C 454.41 98.08 456.24 100.86 459.02 101.01 C
    462.35 99.58 464.45 96.14 467.99 95.1 C 472.31 93.55 476.88 92.95 481.37 92.11 C
    475.63 91.06 469.75 91.52 463.95 91.28 C 459.71 91.03 455.48 92.74 452.8 96.06 M
    339.37 92.26 C 342.4 93 346.03 94.8 348.84 92.52 C 345.71 92.04 342.53 92 339.37
    92.26 M 471.54 95.6 C 467.27 96.4 464.17 99.59 461.05 102.33 C 467.18 104.6
    472.61 108.26 477.59 112.42 C 483.75 116.37 489.74 109.96 496.07 111.02 C 502.84
    111.92 509.71 110.75 516.44 112.05 C 513.32 107.74 509.97 103.51 505.48 100.55 C
    500.92 97.57 497.01 92.57 491.09 92.68 C 484.51 93.03 477.97 94.21 471.54 95.6 M
    411.57 97.35 C 413.17 98.06 416.51 96.65 417.04 98.81 C 415.21 99.35 413.38
    99.74 411.53 100.14 C 414.59 100.68 417.68 101.08 420.79 101.06 C 419.7 100.67
    418.82 100.06 418.16 99.23 C 421.56 97.94 425.29 99.13 428.84 98.89 C 428.84
    98.56 428.83 97.92 428.83 97.6 C 423.11 96.93 417.26 95.77 411.57 97.35 M 86.95
    98.77 C 87.06 100.4 90.03 100.5 90.12 98.8 C 90.03 97.08 87.05 97.05 86.95 98.77
    M 356.74 102.75 C 353.79 105.8 352.85 110.08 352.25 114.14 C 354.17 109.6 356.02
    104.75 359.8 101.4 C 362.15 99.99 365 99.98 367.56 99.13 C 363.63 98.34 359.3
    99.59 356.74 102.75 M 82.96 113.28 C 83.06 108.57 88.85 106.63 88.85 102.09 C
    88.32 102.22 87.26 102.47 86.74 102.59 C 83.63 105.58 81.78 109.87 82.43 114.21
    C 78.48 119.1 74.77 124.54 74.08 130.97 C 75.76 133.1 77.31 135.32 78.84 137.55
    C 78.34 137.56 77.34 137.56 76.84 137.56 C 75.7 135.45 74.41 133.41 73 131.47 C
    71.62 136.99 77.84 139.24 81.38 141.85 C 88.34 147.37 97.59 147 105.78 149.18 C
    108.26 150.03 110.78 150.73 113.39 151.02 C 112.01 147.61 109.98 144.52 107.85
    141.53 L 107.31 144 C 106.39 142.05 105.24 140.16 104.79 138.03 C 104.48 134.86
    105.89 131.89 107.16 129.07 C 106.3 130.18 105.42 131.29 104.53 132.38 C 104.95
    127.77 106.06 122.83 109.42 119.42 C 113.51 115.39 117.51 111.24 122.1 107.76 C
    115.24 104.85 108.33 101.6 100.96 100.25 C 92.64 100.13 88.58 108.6 82.96 113.28
    M 419.92 103 C 411.32 105.97 403.43 110.65 396.32 116.27 C 397.94 116.71 399.61
    117.19 401.23 117.68 C 399.49 118.13 397.74 118.51 395.99 118.9 C 396.13 119.31
    396.41 120.13 396.55 120.54 C 395.96 120.42 394.78 120.18 394.19 120.06 C 394.27
    122.38 394.41 124.7 394.67 127.01 C 394.21 125.78 393.76 124.55 393.29 123.33 C
    391.97 128.85 389.77 134.2 389.7 139.96 C 393.1 141.57 396.25 143.64 399.61
    145.33 C 400.06 136.75 400.51 128.16 401.31 119.6 C 401.53 119.3 401.98 118.69
    402.21 118.39 C 404.92 113.72 408.99 110.11 413.86 107.8 C 420.39 103.4 428.2
    101.86 435.8 100.41 C 430.35 99.73 425.1 101.65 419.92 103 M 310.54 102.83 C 309
    102.79 307.47 102.73 305.95 102.8 C 305.25 103.94 304.65 105.13 304.15 106.38 C
    309.4 105.33 314.64 104.12 320.01 103.9 C 322.22 103.5 325.79 104.58 326.04
    101.37 C 320.93 102.42 315.72 102.56 310.54 102.83 M 402.39 102.26 C 400.46
    103.88 398.96 105.93 397.29 107.8 C 397.97 107.74 399.31 107.6 399.99 107.54 C
    400.91 107.98 401.83 108.42 402.76 108.85 C 406.35 106.23 410.35 104.11 414.77
    103.31 C 414.77 103.08 414.77 102.62 414.78 102.39 C 410.66 102.29 406.5 101.86
    402.39 102.26 M 428.99 103 C 422.07 104.46 415.89 108.12 409.97 111.83 C 406.93
    113.6 406.53 119.36 402.21 118.39 C 403.6 126.55 402.45 134.81 402.24 143.01 C
    402.16 145.03 401.75 147.01 401.39 148.99 C 397.04 147.23 393.38 144.15 389
    142.44 C 389.86 144.71 390.9 146.91 392.03 149.05 C 391.13 148.73 390.24 148.42
    389.35 148.1 C 388.32 151.18 387.37 154.34 387.36 157.63 C 387.4 163.71 387.13
    170.08 389.92 175.69 C 391.89 167.67 390.85 159.43 390.21 151.32 C 391.22 151.46
    392.23 151.6 393.25 151.74 C 396.07 161.3 395.69 171.55 392.99 181.09 C 392.44
    181.32 391.34 181.77 390.8 182 C 391.15 186.41 391.06 190.83 390.79 195.24 C
    390.74 201 394.49 205.76 397.68 210.21 C 404.79 221.56 409.82 234.29 418.98
    244.26 C 426.13 246.88 433.82 246.09 441.08 248.09 C 446.95 247.54 452.29 244.74
    458.12 244.06 C 458.74 243.2 459.37 242.35 460 241.49 C 455.21 241 450.4 241.2
    445.61 241.47 C 444.21 242.42 442.92 243.99 441.04 243.66 C 434.16 243.76 427.72
    241.18 421.13 239.62 C 419.02 238.97 416.51 238.58 415.27 236.55 C 412.69 232.82
    410.44 228.88 407.97 225.08 C 411.68 222.32 415.24 219.36 419.12 216.83 C 418.27
    210.9 415.69 205.41 412.95 200.15 C 411.24 196.87 409.81 193.42 407.63 190.42 C
    405.7 187.72 403.49 185.17 402.3 182.03 C 405.75 180.46 409.14 178.75 412.73
    177.49 C 414.4 166.04 414.38 154.41 413.5 142.89 C 413.35 139.1 411.65 135.65
    411.02 131.96 C 409.28 127.79 405.91 124.33 405.13 119.79 C 409.45 124.72 412.98
    130.55 414.66 136.93 C 423.03 130.48 434.19 129.4 444.39 130.27 C 447.98 140.54
    448.4 151.45 450.22 162.1 C 450.87 165.61 450.42 169.45 451.95 172.74 C 456.93
    172.82 461.83 171.32 466.84 171.91 C 468.97 165.45 468.45 158.6 469.23 151.94 C
    469.89 144.47 467.98 137.09 468.35 129.62 C 474.76 128.71 481.22 129.33 487.61
    130.13 C 485.91 125.12 483.56 120.22 479.55 116.64 C 474.25 111.65 468.55 106.82
    461.58 104.36 C 451.09 100.79 439.8 101.43 428.99 103 M 61.25 105.22 C 59.04
    105.83 59.75 108.57 59.2 110.27 C 62.33 110.44 65.47 110.3 68.59 109.99 C 68.3
    107.88 68.02 105.76 67.77 103.64 C 65.59 104.13 63.32 104.34 61.25 105.22 M
    300.01 104.77 C 297.14 104.34 294.23 104.38 291.38 104.89 C 294.24 107.91 298.75
    106.71 302.44 107.51 C 302.84 105.96 303.24 104.42 303.65 102.87 C 302.43 103.5
    301.22 104.13 300.01 104.77 M 127.84 108.75 C 127.54 109.26 126.92 110.28 126.62
    110.8 C 125.91 110.62 124.5 110.26 123.79 110.08 C 122.09 111.81 120.4 113.55
    118.75 115.33 C 118.44 115.06 117.81 114.52 117.49 114.25 C 114.2 118.04 109.44
    120.9 107.98 125.99 C 107.13 129.57 107.38 133.33 107.58 136.98 C 109.02 140.66
    111.28 144.06 113.91 147.01 C 118.74 150.68 124.17 153.71 130.09 155.23 C 133.47
    156 135.3 159.15 137.64 161.4 C 149.26 167.9 162.73 169.58 175.85 169.62 C
    173.09 163.37 172.85 156.5 171.59 149.89 C 171.26 147.54 171.65 145.17 171.82
    142.83 C 166.71 138.66 162.1 133.75 158.97 127.91 C 157.35 123.99 157.47 118.82
    160.91 115.87 C 165.97 110.91 173.42 111.35 179.92 110.44 C 162.91 106.17 145.16
    107.96 127.84 108.75 M 355.93 110.54 C 350.93 119.91 354.62 130.76 351.49 140.56
    C 349.83 148.42 345.16 155.98 338.21 160.17 C 334.27 160.87 330.18 161.06 326.21
    160.54 C 323.74 163.25 322.31 166.64 320.97 170 C 329.14 171.36 333.04 179.51
    335.28 186.6 C 344.83 184.92 353.49 180.05 363.01 178.23 C 363.54 179.57 364.07
    180.92 364.62 182.26 C 364.58 180.75 364.54 179.25 364.5 177.75 C 371.83 176.11
    379.19 174.66 386.55 173.19 C 383.61 164.91 384.72 155.82 387.51 147.66 C 387.83
    140.73 387.04 133.69 389 126.91 C 385.17 121.79 380.03 117.92 374.94 114.15 C
    371.83 112 368.6 109.9 364.97 108.75 C 361.83 107.78 358.84 109.61 355.93 110.54
    M 381.16 116 C 383.55 118.57 386.43 120.6 389.17 122.77 C 389.56 121.25 390.78
    119.68 389.62 118.16 C 389.91 118.28 390.48 118.51 390.77 118.62 C 393.53 115.24
    396.9 112.46 400.47 109.97 C 393.9 111.5 387.41 113.44 381.16 116 M 56.65 113 C
    55.03 112.02 53.48 113.11 52.01 113.79 C 52.09 114.55 52.25 116.07 52.33 116.83
    C 53.66 116.83 54.99 116.83 56.33 116.82 C 56.47 115.99 56.75 114.33 56.89
    113.49 C 58.14 113.68 59.4 113.87 60.65 114.04 C 60.49 114.85 60.16 116.47 60
    117.28 C 59.47 117.32 58.41 117.4 57.88 117.44 C 60.53 118.01 63.17 118.61 65.81
    119.2 C 66.19 116.64 66.58 114.07 67.06 111.52 C 63.6 112.07 60 111.85 56.65 113
    M 68.54 119.44 C 71.49 119.58 74.47 119.67 77.33 120.47 C 78.59 118.14 79.87
    115.81 81.18 113.5 C 78.22 112.79 75.22 112.22 72.27 111.43 C 69.76 113.39 68.85
    116.38 68.54 119.44 M 162.75 116.81 C 167.91 115.18 173.16 114 178.49 113.07 C
    172.97 112.53 167.24 113.35 162.75 116.81 M 179.36 115.25 C 178.07 118.6 176.24
    122.26 177.77 125.87 C 179.72 131.36 182.08 136.71 184.06 142.19 C 184.76 142.21
    186.15 142.23 186.84 142.24 C 188.47 143.57 190.18 144.8 191.94 145.96 C 195.06
    139.43 200.5 134.55 205.5 129.49 C 210.36 124.99 217.77 122.2 224.11 125.26 C
    216.75 117.08 205.04 116.6 194.86 115.62 C 190.39 115.29 185.92 116.82 181.49
    115.91 C 180.95 115.74 179.89 115.41 179.36 115.25 M 162.23 119.15 C 159.16
    120.34 159.97 124.49 160.52 127.05 C 163.63 133.01 168.1 138.9 174.6 141.38 C
    174.53 143.26 174.4 145.14 174.26 147.03 C 174.83 145.87 175.4 144.72 175.98
    143.58 C 175.63 148.19 176.02 152.8 176.32 157.41 L 177.45 157.61 C 177.58
    154.74 177.58 151.85 178.03 149.01 C 178.37 146.16 180.53 144.1 182.18 141.93 C
    181.49 139.87 180.83 137.8 180.25 135.7 C 179.35 136.19 178.45 136.68 177.55
    137.15 C 177.95 135.71 178.34 134.28 178.82 132.87 C 177.3 128.73 175.09 124.62
    175.29 120.08 C 175.81 118.51 176.67 117.08 177.41 115.61 C 172.1 115.19 167.05
    117.2 162.23 119.15 M 49.76 119.31 C 49.42 121.47 50.67 123.06 52.22 124.38 C
    52.47 122.62 52.75 120.87 53.05 119.12 C 51.95 119.18 50.86 119.24 49.76 119.31
    M 56.79 120.03 C 56.72 121.73 56.62 123.44 56.76 125.14 C 57.64 127.09 60.03
    127.57 61.65 128.7 C 62.28 125.87 63.08 123.09 63.99 120.34 C 61.59 120.19 59.19
    120.08 56.79 120.03 M 268.81 122.51 C 270.68 125.66 272.05 129.09 272.83 132.67
    C 273.53 132.66 274.91 132.65 275.6 132.65 C 277.55 127.48 273.02 123.07 270.93
    118.69 C 270.21 119.95 269.5 121.22 268.81 122.51 M 65.66 129.97 C 67.67 130.98
    69.69 131.96 71.71 132.95 C 71.76 131.02 71.81 129.1 71.89 127.17 C 73.28 125.58
    74.41 123.78 75.47 121.97 C 73.25 121.47 71.02 121.02 68.8 120.55 C 67.24 123.5
    66.23 126.69 65.66 129.97 M 487.04 122.82 C 485.62 125.89 490.36 122.84 487.04
    122.82 M 490.01 123.2 C 491.28 126.95 492.22 131.03 494.89 134.09 C 497.96
    137.69 501.51 140.92 505.6 143.34 C 508.36 145.25 511.91 147.17 512.25 150.94 C
    514.5 161.94 515.28 173.2 517.95 184.14 C 516.49 189.08 511.48 192.27 511.38
    197.74 C 515.05 194.86 517.25 190.7 520.04 187.05 C 521.64 185 522.4 182 525.08
    181.04 C 527.69 179.82 530.55 178.57 531.81 175.76 C 536.8 168.44 534.84 159.21
    533.55 151.08 C 532.07 146.72 529.52 142.65 525.32 140.49 C 520.82 139.31 516.31
    138.18 511.8 137.01 C 508.54 133.32 506.13 128.57 501.55 126.29 C 498.04 124.3
    494.09 123 490.01 123.2 M 265.63 134.35 C 266.42 135.15 267.22 135.94 268.02
    136.74 C 269.31 135.58 270.61 134.43 271.9 133.27 C 270.81 129.98 269.62 126.72
    268.23 123.55 C 267.16 127.1 266.59 130.77 265.63 134.35 M 202.26 135.59 C
    206.18 132.48 210.35 129.72 214.41 126.82 C 209.43 128.11 205.12 131.32 202.26
    135.59 M 214.3 129.04 C 215.54 129.64 216.76 130.29 217.95 131 C 214.72 131.53
    211.06 131.14 208.35 133.34 C 202.76 137.43 197.48 142.1 193.55 147.86 C 194.41
    150.57 194.57 153.42 194.63 156.25 C 196.64 154.08 198.81 151.97 201.61 150.85 C
    200.71 155.45 199.53 160.28 201.06 164.9 C 202.67 169.74 205.86 173.95 209.54
    177.42 C 211.29 179.4 214.12 178.42 216.42 178.65 C 219.18 168.34 224.35 158.57
    231.65 150.75 C 237.98 145.09 244.6 139.1 252.91 136.63 C 244.61 139.66 237.92
    145.6 231.94 151.93 C 224.45 159.26 220.61 169.3 217.22 178.99 C 217.72 184.4
    221.32 188.9 224.22 193.31 C 228.83 193.88 233.46 194.13 238.07 194.66 C 240.72
    190.63 243.72 186.56 244.03 181.55 C 245.69 181.53 247.36 181.52 249.03 181.51 C
    249.68 178.24 250.35 174.98 251.07 171.73 C 250.36 170.94 249.67 170.16 248.97
    169.36 C 249.41 169.77 250.3 170.59 250.74 171 C 251.5 168.88 252.9 167.14
    254.38 165.49 C 264.55 159.11 276.11 155.74 287.47 152.19 C 283.74 150.35 280.03
    148.46 276.64 146.06 L 276.59 147.77 C 276.55 147.33 276.47 146.46 276.43 146.02
    C 273.1 143.59 269.87 140.96 267.16 137.82 C 265.4 136.11 263.69 133.76 261.02
    133.62 C 248.62 132.23 236.23 130.74 223.8 129.76 C 223.81 129.15 223.84 127.95
    223.85 127.35 C 220.57 127.21 217.37 127.92 214.3 129.04 M 268.68 137.59 C
    274.43 143.78 281.89 147.97 289.57 151.3 C 291.94 152.13 294.51 151.54 296.93
    151.22 C 295.7 147.21 291.63 144.39 291.77 139.96 C 291.34 135.44 293.76 131.38
    294.79 127.12 C 285.37 128.56 276.91 133.05 268.68 137.59 M 470.8 131.16 C
    471.32 134.4 471.94 137.65 472.12 140.93 C 471.16 151.05 471.8 161.33 469.46
    171.29 C 470.11 171.34 471.4 171.43 472.04 171.48 C 471.41 171.46 470.14 171.43
    469.51 171.41 C 469.18 172.37 468.86 173.34 468.54 174.31 C 463.32 173.7 458.12
    174.54 452.95 175.09 C 451.13 175.41 449.18 174.1 449.11 172.2 C 448.09 164.52
    447.5 156.76 445.68 149.21 C 444.21 143.75 444.52 137.89 442.01 132.71 C 433.76
    132.41 424.96 133.66 417.82 138.09 C 415.52 148.9 416.36 160.01 416.18 170.97 C
    416.1 173.35 415.86 175.76 415.11 178.02 C 412 180.05 408.33 181.04 405.04
    182.75 C 409.47 188.1 412.24 194.51 415.28 200.68 C 417.42 205.39 420.13 209.93
    421.2 215.04 C 421.8 217 420.06 218.53 419.29 220.14 C 421.27 223.23 423.52
    226.13 425.8 229.01 C 428.48 228.35 431.27 228.39 433.91 229.23 C 444.36 232.16
    455.96 232.62 466.07 228.26 C 470.44 226.76 472.08 222.19 475 219.05 C 481.45
    211.37 484.81 201.75 487.95 192.36 C 484.65 194.24 481.65 196.82 477.88 197.7 C
    474.01 198.63 469.99 199.32 466.01 198.95 C 461.29 198.31 456.69 199.97 452
    200.04 C 445.54 200.14 438.95 200.65 432.63 199.02 C 427.77 197.44 424.56 193.2
    420.76 190.04 C 422.27 188.99 423.39 186.54 425.51 187.05 C 429.73 187.62 433.15
    190.39 437.06 191.85 C 443.38 194.49 450.14 196.13 456.99 196.37 C 462.9 196.14
    468.72 194.78 474.36 193.02 C 479.27 191.68 484.05 189.53 487.97 186.23 C 490.24
    184.59 489.78 181.45 490.46 179.04 C 492.09 171.21 492.04 163.13 491.01 155.23 C
    491.72 154.58 492.45 153.94 493.18 153.3 C 493.99 164.21 493.85 175.12 493.04
    186.02 C 492.66 186.38 491.9 187.09 491.53 187.45 C 490.21 196.75 485.46 205.01
    482.09 213.62 C 490.28 208.87 492.91 199.12 498.59 192.14 C 498.44 192.86 498.16
    194.3 498.02 195.03 C 500.65 193.85 504.91 194.23 505.99 190.92 C 508.04 184.86
    512.83 179.87 513.51 173.31 C 513.1 165.19 511.76 157.14 509.7 149.27 C 507.8
    146.71 504.76 145.18 501.89 143.93 C 498.63 143.96 495.5 145.03 492.37 145.79 C
    492.47 147.45 492.58 149.11 492.74 150.77 C 492.09 151.45 491.44 152.13 490.79
    152.8 C 489.76 146.14 489.54 139.37 488.11 132.76 C 483.1 132.04 477.24 129.53
    472.67 132.71 C 472.04 132.19 471.42 131.68 470.8 131.16 M 490.62 132.04 C
    491.27 135.78 491.71 139.55 492.03 143.34 C 494.39 142.79 496.76 142.27 499.13
    141.74 C 496.02 138.76 492.87 135.75 490.62 132.04 M 201.28 136.17 C 201.83
    136.71 201.83 136.71 201.28 136.17 M 180.4 148.29 C 179.73 151.84 180.23 155.71
    181.81 158.96 C 184.49 162.17 188.81 163.84 192.97 163.77 C 192.07 162.26 190.87
    160.87 190.47 159.13 C 190.4 156.02 191.46 153.04 191.6 149.96 C 189.99 147.81
    187.54 146.44 185.07 145.51 C 183.21 145.56 180.73 146.1 180.4 148.29 M 337.67
    155.8 C 334.7 157.81 330.77 156.34 327.75 158.26 C 330.79 158.44 333.86 158.54
    336.9 158.22 C 341.62 156.75 344.84 152.28 346.53 147.85 C 343.42 150.32 341.02
    153.62 337.67 155.8 M 194.15 161.01 C 195.63 162.97 197.57 164.52 199.3 166.25 C
    198.61 162.18 198.59 158.03 199.42 153.98 C 197.56 156.13 193.99 157.74 194.15
    161.01 M 175.14 159.47 C 175.16 159.98 175.21 161.01 175.23 161.52 C 176.91
    162.06 176.75 158.76 175.14 159.47 M 391.58 157.43 C 391.73 165.07 392.12 172.79
    390.7 180.34 C 393.23 177.11 393.41 172.92 394.02 169.04 C 394.48 165.05 395.46
    160.12 391.58 157.43 M 135.32 161.55 C 136.03 165.17 137.21 168.66 138.26 172.18
    C 141.07 174.06 143.99 175.74 146.8 177.61 C 154.04 178.13 161.01 176.06 168.11
    175.1 C 170.03 174.1 171.64 172.6 173.32 171.25 C 165.75 170.36 158.16 172.23
    150.56 171.6 C 150.53 170.86 150.48 169.36 150.45 168.61 C 145.06 166.99 140.07
    164.55 135.32 161.55 M 152.46 169.07 C 152.71 170.49 153.38 170.73 154.49 169.8
    C 154.24 168.38 153.56 168.14 152.46 169.07 M 320.07 170.69 C 318.8 173.63
    317.73 176.66 316.76 179.71 C 309.6 181.29 303.25 184.85 297.23 188.91 C 296.78
    193.06 296.44 197.24 296.57 201.42 C 297.79 202.81 297.5 204.44 296.51 205.88 C
    297.77 213.62 299.12 221.38 301.33 228.92 C 301.52 230.28 303.1 230.49 304.16
    230.85 C 311.22 232.37 318.47 232.63 325.66 232.83 C 325.09 233.4 324.52 233.98
    323.94 234.55 C 326.69 237.2 329.21 240.12 332.36 242.33 C 331.89 239.58 329.75
    237.74 328.12 235.66 C 327.64 235.43 326.7 234.97 326.23 234.74 C 326.57 232.36
    329.25 231.68 331.02 230.63 C 326.04 226.59 325.49 219.93 324.95 214 C 324.71
    205.26 324.3 195.79 329.46 188.23 C 330.7 187.47 331.93 186.7 333.18 185.93 C
    331.07 179.27 326.25 173.87 320.07 170.69 M 203.06 172.91 C 205.11 177.33 206.81
    182.16 210.5 185.53 C 215 190.03 218.66 195.31 223.13 199.83 C 231.98 204.1
    242.38 205.82 249.96 212.51 C 249.54 209.35 248.8 206.25 248.25 203.12 C 247.18
    196.37 248.2 189.57 248.72 182.83 C 247.98 182.97 246.5 183.26 245.76 183.4 C
    244.63 187.68 242.22 191.41 240.19 195.29 C 240.28 196.11 240.38 196.93 240.48
    197.75 C 235.13 196.12 229.46 196.4 224.08 195.03 C 219.61 191.49 217.9 185.65
    214.98 180.92 C 209.38 181.6 206.37 176.41 203.06 172.91 M 370.42 178.54 C
    369.07 179.08 366.31 178.74 366.68 180.93 C 366.93 190.31 368.72 199.7 367.66
    209.1 C 366.8 215.61 367.45 222.23 366.18 228.7 C 371.03 228.73 374.9 225.56
    378.97 223.39 C 379.47 223.97 379.96 224.56 380.45 225.17 C 380.08 226.5 379.74
    227.84 379.41 229.19 C 380.9 229.39 382.39 229.61 383.88 229.85 C 381.66 228.14
    379.61 225.84 381.76 223 C 381.47 223.05 380.88 223.14 380.59 223.19 C 381.49
    222.08 382.41 220.97 383.34 219.88 C 384.46 213.54 384.1 207.05 385.65 200.78 C
    385.07 192.11 386.39 183.47 386.32 174.8 C 381.08 176.31 375.77 177.49 370.42
    178.54 M 511.32 185.28 C 509.2 188.48 508.01 192.19 505.88 195.39 C 502.83
    196.31 499.37 196.67 496.9 198.87 C 495.53 200.58 494.94 202.76 494.07 204.74 C
    498.79 204.2 503.55 202.96 507.61 200.41 C 509.08 197.92 509.52 195 510.56
    192.32 C 511.86 189.26 514.66 187.09 515.85 183.96 C 515.66 181.93 515.08 179.97
    514.7 177.98 C 513.85 180.53 512.81 183.03 511.32 185.28 M 388.79 178.19 C
    388.24 180.07 387.54 181.97 387.59 183.97 C 387.7 196.78 387.92 209.7 385.5
    222.35 C 384.8 222.61 383.39 223.11 382.68 223.37 C 383.92 225.8 385.53 228.02
    387.4 230.02 C 390.92 229.78 393.75 232.24 396.95 233.3 C 401.45 235.35 406.33
    237.06 409.7 240.88 C 409.12 242.62 408.55 244.36 407.96 246.1 C 405.96 244.77
    406.1 242.81 406.96 240.85 C 402.74 236.58 396.32 236.48 391.24 233.71 C 392.58
    236.11 394.18 238.4 396.47 240 C 395.91 240.58 395.36 241.16 394.8 241.74 C
    393.02 239.87 391.26 237.98 389.48 236.12 C 395.1 244.77 404.37 250.42 414
    253.63 C 414.18 254.26 414.54 255.53 414.72 256.17 C 414.8 254.9 414.89 253.63
    414.98 252.37 C 407.88 251.24 402.18 246.86 396.17 243.29 C 396.82 242.66 397.48
    242.03 398.16 241.41 C 403.89 245.76 410.36 249.25 417.42 250.86 C 417.55 251.48
    417.8 252.73 417.93 253.35 C 419.06 252.16 420.18 250.96 421.32 249.77 C 423.49
    249.3 425.58 248.5 427.35 247.13 C 426.48 247.14 424.72 247.16 423.85 247.18 C
    422.03 246.77 420.39 245.78 418.61 245.26 C 412.67 243.04 410.92 236.24 407.12
    231.79 C 403.95 229.47 399.97 228.57 396.79 226.25 C 393.36 223.77 389.41 222.1
    386.12 219.43 C 386.77 218.73 387.44 218.05 388.12 217.39 C 393.18 222.57 399.67
    225.82 406.07 229 C 402.76 222.97 399.56 216.86 395.9 211.03 C 393.65 207.28
    390.09 204.29 388.8 200.02 C 388.11 192.76 390.07 185.41 388.79 178.19 M 355.94
    182.42 C 348.45 184.33 341.38 187.72 333.68 188.85 C 332.79 189.96 331.9 191.08
    331 192.19 C 330.31 200.48 331.49 208.76 332.77 216.93 C 333.81 221.62 335.91
    225.97 337.69 230.41 C 346.67 230.83 355.8 230.96 364.5 228.3 C 365.56 221.9
    365.1 215.4 365.67 208.97 C 366.62 199.23 364.09 189.67 362.31 180.19 C 360.19
    180.94 358.1 181.77 355.94 182.42 M 523.02 184.95 C 521.03 189.8 517.35 193.62
    514.71 198.09 C 516.16 197.1 517.7 196.16 518.98 194.94 C 523.04 191.31 523.7
    185.31 528.08 181.91 C 526.4 182.93 524.72 183.96 523.02 184.95 M 424.48 188.87
    C 426.62 191.84 428.94 195.01 432.46 196.43 C 436.45 198.01 440.87 197.87 445.09
    197.76 C 440.67 195.72 435.44 195.71 431.46 192.71 C 429.24 191.24 426.93 189.92
    424.48 188.87 M 327.43 214.97 C 328.55 220.47 329.04 227.9 335.4 229.89 C 334.36
    226.87 332.91 224.02 331.76 221.04 C 329.14 212.71 328.83 203.91 328.68 195.25 C
    326.75 201.63 327.35 208.4 327.43 214.97 M 470.98 228.99 C 467.54 234.24 463.21
    238.86 460.48 244.54 C 455.53 246.64 450.15 247.64 444.99 249.12 C 442.38 249.99
    439.66 249.36 437.07 248.82 C 433.52 250.42 429.75 251.47 426.17 252.99 C 423.53
    254.1 421.41 256.09 418.84 257.31 C 416.52 258.05 414.08 258.21 411.69 258.52 C
    411.4 257.26 411.12 256.01 410.84 254.75 C 406.15 252.72 401.34 250.82 397.11
    247.89 C 392.54 244.33 388.51 239.92 385.93 234.69 C 383.4 233.63 380.66 232.8
    377.92 233.52 C 373.36 234.51 368.69 234.3 364.07 234.54 C 361.29 234.76 360.3
    237.87 358.57 239.62 C 355.33 244.32 350.11 247.32 347.49 252.48 C 351.03 253.7
    354.6 254.82 358.21 255.84 C 358.42 255.2 358.86 253.91 359.08 253.26 C 362.96
    253.77 366.98 253.92 370.68 255.32 C 372.2 255.7 372.3 257.49 372.91 258.66 C
    379.59 259.89 386.13 261.73 392.69 263.48 C 394.8 263.92 396.35 265.46 397.83
    266.92 C 402.8 263.28 409.21 263.89 414.71 261.67 C 414.67 261.99 414.59 262.64
    414.55 262.97 C 422.36 261.95 429.91 259.57 437.15 256.53 C 445.92 252.41 455.43
    249.84 463.56 244.42 C 464.68 243.57 464.73 241.97 465.36 240.8 C 467.38 239.72
    469.42 238.05 471.86 238.34 C 473.75 238.72 475.51 239.56 477.3 240.26 C 477.68
    239.15 478.11 238.05 478.58 236.97 C 478.79 237.65 479.19 239 479.39 239.68 C
    480.19 238.85 481.02 238.05 481.87 237.27 C 481.4 236.82 480.94 236.37 480.5
    235.93 C 483.07 233.7 485.72 231.55 488.18 229.2 C 489.34 228.35 488.77 226.83
    488.32 225.77 C 486.35 221.62 483.59 217.91 481.1 214.07 C 478.19 219.34 475.42
    224.8 470.98 228.99 M 411.42 225.94 C 413.8 229.78 415.78 233.95 418.82 237.33 C
    421.64 238.93 424.91 239.38 428.01 240.18 C 432.17 241.05 436.45 242.17 440.68
    241.93 C 446.27 237.82 453.39 240.3 459.71 239.23 C 462.3 236.9 464.32 234.01
    466.41 231.24 C 460.99 232.35 455.57 233.83 450 233.79 C 443.18 233.8 436.58
    231.9 430.02 230.29 C 428.35 230.76 426.7 231.86 424.93 231.5 C 421.79 228.42
    419.39 224.67 416.26 221.57 C 414.66 223.04 413.04 224.49 411.42 225.94 M 484.2
    238.26 C 481.45 240.91 478.22 242.97 474.84 244.74 C 473.84 243.84 472.84 242.94
    471.84 242.04 C 471.03 242.34 470.23 242.64 469.43 242.95 C 468.56 244.85 467.81
    246.83 466.56 248.53 C 463.45 250.86 459.67 252.1 456.4 254.19 C 450.09 258.31
    442.76 260.35 435.87 263.25 C 428.25 264.74 420.5 265.76 412.77 266.55 C 423.51
    267.95 434.29 266.2 444.98 265.13 C 451.36 264.68 456.75 260.97 462.5 258.58 C
    468.96 255.8 474.9 251.88 479.96 246.99 C 486.44 240.95 494.12 235.61 497.99
    227.36 C 493.55 231.19 488.49 234.25 484.2 238.26 M 333.6 231.36 C 332.14 232.69
    330.59 233.92 329.03 235.12 C 330.16 235.84 331.31 236.57 332.45 237.3 C 332.78
    235.31 333.14 233.32 333.6 231.36 M 320.82 238.24 C 323.27 243.05 326.83 247.37
    331.53 250.13 C 328.93 245.46 325.06 241.44 320.82 238.24 M 325.83 239.56 C
    327.5 242.24 329.48 244.82 332.29 246.4 C 331.13 243.34 328.4 241.36 325.83
    239.56 M 443.89 255.76 C 436.19 259.42 428.04 262.14 419.63 263.59 C 427.57
    263.88 435.23 260.99 442.66 258.53 C 450.8 256.17 457.53 250.85 465.1 247.24 C
    465.68 245.89 466.28 244.55 466.91 243.23 C 460.83 249.77 451.86 252.32 443.89
    255.76 Z


    M 214.09 36.75 C 219.38 35.16 224.99 33.57 230.54 34.78 C 233.43 36.87 234.48
    40.59 236.88 43.17 C 239.78 46.34 241.85 50.11 243.5 54.05 C 243.8 55.6 244.15
    57.14 244.52 58.68 C 250.83 58.96 257.38 57.65 263.49 59.77 C 267.42 61.1 271.46
    62.15 275.19 63.99 C 265.26 62.53 255.2 58.26 245.1 61.24 C 240.55 62.97 235.52
    64.37 232.11 68.06 C 228.43 72.61 228.39 78.71 228.17 84.27 C 227.44 83.58
    226.14 83.16 226.38 81.91 C 226.44 77.79 227.29 73.67 228.94 69.89 C 230.6 66
    234.28 63.49 237.91 61.6 C 238.03 61.02 238.28 59.87 238.4 59.29 C 237.72 57.93
    236.9 56.63 236.34 55.22 C 238.71 55.53 237.57 59.96 240.38 60.5 C 241.02 60.2
    242.3 59.6 242.94 59.29 C 241.78 55.35 239.69 51.78 238 48.06 C 236.27 43.86
    232.36 41.01 231.08 36.55 C 226.39 34.97 221.29 35.76 216.89 37.84 C 215.88 39.1
    215.24 40.59 214.47 41.99 C 210.74 43.7 206.76 44.97 203.33 47.27 C 200.08 49.46
    197.98 52.86 195.88 56.08 C 196.54 59.26 197.73 62.27 198.8 65.31 C 195.74 63.4
    194.46 60.07 193.55 56.75 C 195.85 53.15 197.97 49.27 201.45 46.65 C 204.88
    43.78 209.37 42.85 213.19 40.68 C 213.6 39.4 213.82 38.07 214.09 36.75 Z


    M 219.27 130.64 C 218.57 130 217.9 129.36 217.23 128.7 C 219.57 128.45 222.01
    128.29 223.88 129.94 C 222.34 130.16 220.8 130.39 219.27 130.64 Z


    M 175.2 143.26 C 175.76 143.83 175.76 143.83 175.2 143.26 Z


    M 369.42 152.48 C 372.92 150.99 376.93 150.03 380.62 151.47 C 382.91 152.26
    383.35 154.97 384.33 156.87 C 383.37 157.94 382.41 159.01 381.44 160.07 C 380.18
    160.76 378.94 161.49 377.74 162.28 C 374.58 162.18 371.19 161.4 368.88 159.11 C
    367.68 157.02 369.03 154.61 369.42 152.48 M 371.38 154.32 C 369.62 155.27 370.27
    157.52 369.94 159.14 C 374.21 161.6 380.92 161.34 382.86 156.05 C 380.68 151.59
    375.06 152.18 371.38 154.32 Z


    M 371 156.03 C 373.01 153.62 377.08 152.11 379.41 154.98 L 378.79 157.02 C
    378.43 156.37 377.71 155.08 377.35 154.43 C 375.96 155.07 374.57 155.69 373.19
    156.33 C 374.82 156.68 376.61 157 377.89 158.18 C 375.05 159.32 372.82 158 371
    156.03 Z


    M 108.48 190.35 C 109.18 189.24 111.52 189.24 111.6 190.8 C 111.54 193.03 107.14
    192.62 108.48 190.35 Z